0.0 0.0 0.0
0.0008011504318035709 -0.000538627932789289 0.010480043883125456
0.0013751504978835823 -0.0009317034800185951 0.021527956025975393
0.0018560711949487253 -0.0012731240492633643 0.03286938311835477
0.001993993184624349 -0.0015739689699979461 0.04407540452423161
0.0017875548466148123 -0.0018467533138464682 0.05564877989280991
0.00112525114106266 -0.0021912409035401603 0.06763647182948163
-0.0003427745351706022 -0.0026015960624062367 0.07998765756744283
-0.002597743054963006 -0.0029546434391849435 0.09289916998872264
-0.005095901869504747 -0.0032470165354935242 0.10613753185527841
-0.007717005813610933 -0.003548678842360629 0.12004334564431901
-0.010505142644419565 -0.004033945052969759 0.1345699629781513
-0.01361843986377912 -0.0046241332791620345 0.14974452567553614
-0.01740599186884034 -0.005136965822421816 0.16551196153910025
-0.021347065192711148 -0.0057479244301107514 0.1818458093891621
-0.025380428882483052 -0.00636713941949611 0.19915431093018637
-0.029449181049018187 -0.006950436983564865 0.21729403337228598
-0.03352510902649053 -0.007370484829904793 0.2356014247123677
-0.03827374828664164 -0.007907328190674455 0.2546206928516239
-0.04326398250469647 -0.008601915605012188 0.2742041857846181
-0.04864930540290841 -0.009067163002935596 0.2943635309434805
-0.05414238969821396 -0.009714294909761608 0.3158436064132534
-0.059627891143720066 -0.010585535369019012 0.3380013471872383
-0.06587874317446285 -0.011311222686366697 0.3603337888063334
-0.07305325372521317 -0.011823835261000386 0.38275307581605994
-0.08018351008742869 -0.01267970782158 0.40568332848627175
-0.08810860910604329 -0.013767632603039507 0.4310470411731
-0.0962561204789405 -0.014896548489910316 0.4555266027639181
-0.1045103680922734 -0.0161438543843346 0.480268326520351
-0.11336299941829023 -0.017415235515009064 0.5056817762012893
-0.12248520385125164 -0.018647526898085895 0.531437440386734
-0.13221613299378288 -0.01991183369842342 0.5578600055692273
-0.14224127402098496 -0.021334606356034926 0.5844797932061481
-0.1522550018833486 -0.022912219529747067 0.6102038821755529
-0.16251180647570643 -0.02481197467908384 0.6360737244393506
-0.17267999660255715 -0.027013825207424295 0.6615684643608405
-0.18306613798358312 -0.029494088072769743 0.687043219747738
-0.19353888845043 -0.03227998068626776 0.7124966960894623
-0.20411621368629426 -0.035246107379024685 0.7375698439469494
-0.21501399315384903 -0.03857989029163479 0.7627515006419302
-0.22589745133880154 -0.04235207269607817 0.7878877852426677
-0.23727534180266766 -0.04649560774361351 0.8132621426981714
-0.24862383112924005 -0.05069179594222079 0.838618779739721
-0.26047566786985155 -0.05491480669646423 0.8641919711928119
-0.2725713314244389 -0.05917862003881245 0.8893834284201017
-0.28520689959072026 -0.06350862665877535 0.914938525116891
-0.29834929591910925 -0.06775566588469398 0.9407812719972493
-0.31194231768185093 -0.0718717140354013 0.9669175563964356
-0.3259657488864512 -0.0755683283504689 0.9934582530405965
-0.3402018650913685 -0.07904301165041791 1.0201075545512717
-0.35475814245011084 -0.08263915737148352 1.0468365190668436
-0.36984263144760965 -0.08638085201557326 1.073652213680266
-0.38494908635503533 -0.09008140253765173 1.1006188536336565
-0.40070260352431836 -0.0940174241369705 1.1279097988094677
-0.4171895583902623 -0.09790504060163754 1.1556077084519971
-0.43428973527624615 -0.10163758764176192 1.1839799594629494
-0.451859117697896 -0.1050326296999317 1.212816534440646
-0.4699121647484409 -0.10822349612002052 1.2417594406591355
-0.4887050788408631 -0.11155347673553463 1.2711305760710276
-0.5080432202875333 -0.11469109625868755 1.301062293349835
-0.5280408289842595 -0.11762842507220833 1.331327998268049
-0.5485361605868796 -0.12030515494695132 1.361849628296942
-0.5695747591693655 -0.12321275348077133 1.3925694106742732
-0.5904549256608654 -0.12649104935232564 1.4231425811603464
-0.6111591206160565 -0.12980786306185407 1.4532816335546521
-0.6321712353969625 -0.1329000361321902 1.4840488935089846
-0.6531252986433521 -0.13565080387351547 1.5149702384252046
-0.6740391904975255 -0.13851872808897867 1.5456963972446276
-0.6952290855081646 -0.14189182298697214 1.5764434143853703
-0.7167499366442655 -0.145545321524111 1.6072750068281294
-0.7384726626250974 -0.1489906656975576 1.6381645442045047
-0.7608047513469978 -0.1519714170392397 1.6690151556156578
-0.7834818625231296 -0.15400870087431273 1.699719194698051
-0.8060759372298181 -0.15592956147906212 1.7292963541350819
-0.8294711719472518 -0.15864478030605064 1.7590013219733385
-0.8537045729610816 -0.16203573852819225 1.788661209781104
-0.8785232540382262 -0.16528305115339603 1.8185025999910513
-0.9036781502827039 -0.16730091109560916 1.8486342520346586
-0.9286690602199542 -0.1689399725515761 1.878051124549464
-0.9532836757245655 -0.17048601631405597 1.9062309641244657
-0.9776225823708538 -0.17298759462766694 1.934275781121072
-1.0027412864397505 -0.17658724743122708 1.9625289657470568
-1.0285480505140154 -0.1802388451689384 1.9909693501710326
-1.0546991611164924 -0.18334756045376288 2.019816193244266
-1.0810432229960014 -0.18559055445236214 2.048428444958768
-1.1070387188636526 -0.18761220968841502 2.0764116344448573
-1.133017967696398 -0.18966505020188132 2.1041490553080906
-1.1598081247638128 -0.19217082335336444 2.131976265178517
-1.1870735554874352 -0.19499302467115054 2.159732269101083
-1.2147770768448622 -0.19770599290398766 2.1873399684392387
-1.2428700030651527 -0.20007450918839337 2.2151714305462966
-1.2709564260450363 -0.20256075730295123 2.242449612953672
-1.2996656598716871 -0.20514305533750707 2.2697461193184023
-1.3285667616597296 -0.20773737161355876 2.296588367004305
-1.3576096602544023 -0.21030163647258696 2.3229345889822897
-1.3859990258149548 -0.2130264229024377 2.348245748572166
-1.415243021063554 -0.21607225474539132 2.373637175521099
-1.444943331532554 -0.21888561362234923 2.3988382569743614
-1.4746307423105285 -0.22140864355974152 2.423662356993431
-1.5044426435280498 -0.22370137389911296 2.4477729865800324
-1.534397452542407 -0.22649377878515012 2.47164435825421
-1.565160658670123 -0.2293200384248231 2.4954359603166147
-1.5962370039202392 -0.2320053685343842 2.519313528576103
-1.6273210381063141 -0.23446773555878053 2.5430762476566806
-1.658714880008337 -0.23673959649437196 2.566550394106845
-1.690013072294724 -0.239143460111269 2.5898517646367343
-1.721622501893776 -0.2420642180134889 2.6127739999870823
-1.7538453301470502 -0.2454513992977691 2.6358085981472907
-1.786434606503316 -0.24866017358572812 2.658823795210081
-1.8191851407993658 -0.25163570893292353 2.681688780799044
-1.8521576303280523 -0.25463774251070437 2.7044363113158862
-1.8857124570696233 -0.25770225223924265 2.7272341941392497
-1.9196630148335685 -0.2608028520179515 2.7498502155534577
-1.9536613357639458 -0.2636222486646565 2.772368341048593
-1.9870780346690484 -0.2660991159261591 2.7939993744640415
-2.0207018357144535 -0.26906193104586135 2.8155235865381756
-2.0549041481853325 -0.27239219900262907 2.836982404554299
-2.089439538547854 -0.2756091550541284 2.8578919961650966
-2.124450644094644 -0.2792877409503625 2.878187657379268
-2.1601985152014094 -0.2830846432393128 2.8979543359084734
-2.1965838606534174 -0.28622477877869723 2.9172685695502434
-2.2333973963090643 -0.2889764698603754 2.936198220410928
-2.2702132706502023 -0.29176721978102405 2.9547233898564635
-2.307400127694413 -0.29478499286048643 2.9728502573297617
-2.3449776430336975 -0.29845205366670163 2.9906287414347275
-2.3829436148343324 -0.3019645338699081 3.0078298391973943
-2.421875880403336 -0.30523848051115193 3.024610114095322
-2.4611608180094113 -0.30842053242790707 3.040851104924974
-2.5007399563551087 -0.31168647360368357 3.056406648637696
-2.5402553346438537 -0.3148748208945376 3.0716636414549496
-2.5797272982658193 -0.3183910152245168 3.0864128847815193
-2.6196683089420865 -0.32241083964847495 3.100922208347084
-2.6607595863096134 -0.3263957915428337 3.1156218274973533
-2.702666586631158 -0.3297531416651798 3.130211350278033
-2.7444973118051443 -0.3327239374197694 3.1444620169605835
-2.7864390459534336 -0.3358656869309647 3.158444408205987
-2.8284465731881334 -0.3391152577858762 3.1718673886903277
-2.869732727854669 -0.34232596644001395 3.184892761557053
-2.9111086164658753 -0.34640504993646937 3.1977569288337477
-2.9527197353551964 -0.3511085262601207 3.2102606280175383
-2.9946531787034494 -0.35557667129511283 3.2226652069975583
-3.0366735815157786 -0.35945134459058253 3.2348842124085673
-3.078645161347046 -0.36314235101020925 3.2469930572577677
-3.1206164334305737 -0.36696429381007273 3.258888636669536
-3.162704919439522 -0.3706189210199554 3.270375640964676
-3.2045688366773124 -0.3738113363963688 3.2818911079337845
-3.246058026093714 -0.3770567259730151 3.2931029279661903
-3.288324199189954 -0.38054916994808274 3.3045910733305037
-3.330211245419777 -0.3838674269779421 3.3156548302551236
-3.371747523899498 -0.38659968468275185 3.326776569350025
-3.413099420789185 -0.38933970226328907 3.3374003537468906
-3.4543217888076216 -0.3919871644110173 3.3477114683894116
-3.49461554439842 -0.3948013139216034 3.357793146002191
-3.5347596122396907 -0.3977758824114615 3.3674583725914826
-3.574332967071811 -0.4005679107609959 3.377030437524864
-3.613357398109616 -0.40344653308853534 3.3867613786722073
-3.652014582308929 -0.4064715999882689 3.3969180691269534
-3.690651127537932 -0.4097048660892924 3.4074012203689317
-3.7294101399224147 -0.4128803702353993 3.4183238748246385
-3.76793210308137 -0.4159460100606235 3.42977763554183
-3.806387227394717 -0.41890912345736836 3.4417075743649046
-3.8444980279716963 -0.4216809098794464 3.454121995894978
-3.8823815543967894 -0.42440595395920566 3.466994694162252
-3.9201892650144443 -0.42734426191825564 3.480219109215916
-3.957461116480791 -0.4308003115802039 3.494156869825855
-3.9945352581753495 -0.43448847924379236 3.508867137126338
-4.0316435356604305 -0.43810569655239184 3.524009520675852
-4.068639741606559 -0.44145378979684713 3.5397022645620404
-4.105116922769084 -0.444674258579106 3.555841581862689
-4.140821525553184 -0.44778672309583206 3.572414913398262
-4.1757692989066415 -0.45098747615398166 3.589548376661467
-4.21000571955085 -0.4542693753957532 3.60657981584646
-4.243840763729752 -0.4577018660547192 3.623863333944218
-4.277114011523209 -0.46119986023293325 3.6418567257959467
-4.3096124467782255 -0.4642789276509265 3.6596913775762188
-4.341523109094509 -0.4670188918437373 3.6776946852733037
-4.37253598700301 -0.46987025326790516 3.695543926441036
-4.402262572454509 -0.47292905666223617 3.71348951334663
-4.430848385547105 -0.4760444375426618 3.7312912600504786
-4.459331597678367 -0.47915974727926486 3.7494616847748223
-4.487496421504099 -0.4820510863897256 3.7676914875163923
-4.515089778464195 -0.4848125155117552 3.7857417323494995
-4.542231406330579 -0.48766787008718904 3.804006267763739
-4.568545392586757 -0.49055980012051453 3.822279106833884
-4.594409788139718 -0.4933004525290616 3.840696299781718
-4.619631404588974 -0.4958169870697412 3.8590687019854086
-4.644144614168129 -0.49813634471830137 3.877398247343629
-4.668112045498478 -0.5005438142138456 3.895676318972834
-4.691441412336397 -0.5030001085565697 3.914315980023536
-4.714702497370269 -0.5054419859220746 3.9333716463853405
-4.737049169807383 -0.5074731585552108 3.952530769169505
-4.758275484062638 -0.5092151158152612 3.9715141303879182
-4.778813191134564 -0.5107912711083371 3.990793664986381
-4.798666934811825 -0.5126570585869438 4.0102044451854875
-4.818169132216017 -0.514679559415647 4.029933028584029
-4.836895561197664 -0.5166469273808297 4.049457873022554
-4.855712032959694 -0.5185246201212484 4.069877625610678
-4.87401955995401 -0.5202894523342353 4.090461858342392
-4.892416100009559 -0.521957100129106 4.111611823708399
-4.910518803687297 -0.5235426368606707 4.132984833939399
-4.928116595131961 -0.5250009705414773 4.154127980183078
-4.94526068009101 -0.5264465055758403 4.175201083111191
-4.962433016260741 -0.5279784883539784 4.196891287879597
-4.979216567509548 -0.5294171758362969 4.218819288901808
-4.995761685091806 -0.5307679562372826 4.241230165942184
-5.012007622399061 -0.5320502769857827 4.263961683502608
-5.028288658449787 -0.5334036209686591 4.286878608015796
-5.044424541174117 -0.5348930888384165 4.309854275009168
-5.060403849416487 -0.5366096675735688 4.333278080889295
-5.076511913104983 -0.5382869989254546 4.357128121909727
-5.092653115269394 -0.5396613410589808 4.381467024654137
-5.10895630573726 -0.5409091363209126 4.40643952624638
-5.125030968403805 -0.5420470327257839 4.431803296490599
-5.140913634942986 -0.5431376271112726 4.4575350895603885
-5.156916951648571 -0.5439559625557975 4.484290921082267
-5.172948364149319 -0.544547671542844 4.5115335908505925
-5.1887524364308355 -0.5449248444298972 4.539249406481028
-5.204084609584677 -0.5451836805892797 4.5675049644514
-5.219157907411146 -0.5453282847783493 4.596254659254958
-5.233865752775564 -0.5454868488789607 4.625490414308746
-5.248370004911022 -0.5459225450671162 4.655165856501008
-5.262354645279522 -0.5466622037808175 4.685493222595701
-5.275580804291686 -0.5474916776417779 4.716456729677968
-5.288166124275016 -0.5479967709826243 4.747881668180599
-5.29986600340778 -0.5482970535578187 4.779634334758822
-5.310594091180958 -0.5486616303059881 4.811461070165067
-5.320384351043271 -0.5490578807069991 4.843369156561985
-5.329525757796577 -0.5494756356879125 4.875487050326237
-5.337860849267624 -0.5497352806736355 4.907959036347195
-5.345562950903506 -0.5497982253441971 4.94110185086739
-5.352579773218349 -0.5494467935023327 4.974323955062836
-5.358697049480401 -0.548893684155515 5.007485650799453
-5.364104679881367 -0.548516135326477 5.0412868703904445
-5.368637194106886 -0.5483466857108131 5.075902815187172
-5.372672819866436 -0.5480479051160164 5.111347657918925
-5.375956788794472 -0.547597688566194 5.147178593950919
-5.378521686974516 -0.5470598411050795 5.182865312319414
-5.38024075625439 -0.5464940910417662 5.218958010344168
-5.381349887761187 -0.5458085682935785 5.255504635391138
-5.381625738319557 -0.54504024093749 5.292944380976054
-5.381172713030258 -0.5441010770887009 5.330977551054774
-5.380204577882988 -0.5432170449575195 5.369559121216268
-5.378127836599988 -0.5425990609828388 5.408578147397087
-5.375420519580224 -0.5418159319878509 5.44804255144912
-5.371943643645894 -0.5410174282128446 5.487738943456489
-5.367889999019823 -0.5405022220973112 5.527350280170007
-5.3632717817741415 -0.5403400394405645 5.566615125975694
-5.357864565800178 -0.5404946989072312 5.605941914340812
-5.351669838792202 -0.5410204274540477 5.64493062249796
-5.344250785066288 -0.5420957993933433 5.684095194016653
-5.335896430957749 -0.5430310698379681 5.723566868766028
-5.327111039065405 -0.5434848537480726 5.763086694134401
-5.317795677068059 -0.5443240766858228 5.802068363974316
-5.307615416369087 -0.5460061918315409 5.8414511737457655
-5.2963827374877415 -0.5476250492459068 5.881337065787626
-5.284516357531835 -0.548947786286688 5.921153068793627
-5.271724035357638 -0.5502379741196204 5.960473715603677
-5.25785610915191 -0.552008931141381 6.000158097533318
-5.243202722077359 -0.5536139371303807 6.039631972396585
-5.228053530255778 -0.5555185010675121 6.078498316478206
-5.211951191682936 -0.5580083168737057 6.1169174854558745
-5.194561223798793 -0.5610359321471343 6.155376766681061
-5.176040529143291 -0.5640482814634789 6.193737436434742
-5.156226140333508 -0.5671571811202661 6.231682495839297
-5.135121331439643 -0.5705006939830463 6.26917545918105
-5.1123896572778955 -0.5741837950959797 6.306700154456736
-5.088212899017133 -0.5780727171706631 6.343909852172092
-5.063064183913476 -0.581772721467839 6.380308220773183
-5.036807484921876 -0.5856911088595397 6.416129099834347
-5.0096449053224275 -0.590104815537942 6.451245856239345
-4.9811936672314845 -0.5948103500215822 6.485960283118024
-4.951306609103718 -0.6000075955211025 6.520436969224226
-4.920408800555359 -0.6052815476512843 6.5545812435051465
-4.888257549758086 -0.6105917551671005 6.58834064721092
-4.8551975394730755 -0.6160430661374763 6.621763696838358
-4.821360793866916 -0.6216498244036113 6.654498373810824
-4.786895619874786 -0.6277290181999399 6.686410230625246
-4.751333032509077 -0.6343328811584368 6.717667882706723
-4.71480845216912 -0.6412663117424245 6.748418983474586
-4.677428230641962 -0.6484320414150795 6.778509887447323
-4.638970263618809 -0.6556402107330657 6.807814240059116
-4.600086878429132 -0.6625356122531123 6.836208480553106
-4.560925928861008 -0.6688923284849184 6.863278900186909
-4.521759186186625 -0.6754233787204855 6.88902521381901
-4.481809958447655 -0.6824986429150998 6.913407542705986
-4.441340159386068 -0.6898365184951026 6.936644237625593
-4.399932653174949 -0.6972344431543585 6.958587901178385
-4.357573739700798 -0.704507608729523 6.979775376806558
-4.314257672029748 -0.7115433996626255 6.999839222544969
-4.271155703614714 -0.7183047203965005 7.018439484269397
-4.227632514858223 -0.7250001753163239 7.035915342057793
-4.1839973055697595 -0.7314998785565704 7.0520000248312495
-4.140357648305208 -0.738027025544506 7.066678335455713
-4.096413116847064 -0.7448635564569781 7.0801510449274065
-4.052139456166308 -0.7514581216910797 7.0929869262278995
-4.008137264316307 -0.7573696332369431 7.1051571953954555
-3.965616379066078 -0.7629672641224499 7.115622263989703
-3.924329174303042 -0.7688918933932808 7.1249570122075045
-3.8827112279750033 -0.7757476406715221 7.133556520865929
-3.840865624782498 -0.7832706778009356 7.141320107119842
-3.7988823843318418 -0.7909502659878805 7.148194460168421
-3.7568495027261175 -0.7985854053983146 7.154000952154092
-3.7140019330874523 -0.8064807446463751 7.158808695442184
-3.671345969924231 -0.8140789018355773 7.162901632598683
-3.6290075560383364 -0.8215439177849815 7.166101890553335
-3.5869085356220056 -0.8286480103804452 7.168697042361191
-3.545388488783941 -0.8359495705199702 7.170249986532517
-3.504052667096953 -0.8439823957141749 7.17095068380744
-3.4621761916237115 -0.8521206035191166 7.170965284267143
-3.420109115702897 -0.8601994749128198 7.170778748922124
-3.3783655483259767 -0.8678709653605753 7.17002077883318
-3.3363488262713674 -0.874794776141122 7.169116203929661
-3.2949939006470093 -0.8813129840060244 7.167944743877639
-3.2545560919050116 -0.8878916687409971 7.166537332296508
-3.214513419129278 -0.8941011858668417 7.164910462975324
-3.1756323134252433 -0.9001834056560807 7.162777252936679
-3.1377957598935597 -0.9069327916594053 7.160855589024674
-3.100253569953258 -0.9150855846893329 7.158485363119967
-3.0615982735365628 -0.9231803585987112 7.1559878201168585
-3.0221277024992466 -0.9306394051592927 7.153228859707233
-2.9822715267653033 -0.9369559714243326 7.150272218652219
-2.9429183323827877 -0.9430884827595839 7.147314565968863
-2.904576606345063 -0.9494127178855668 7.144554604493738
-2.8663194023773975 -0.9562006765777967 7.141956627893941
-2.827681615563464 -0.9628125771312465 7.13925748534519
-2.788715925470212 -0.969666391212553 7.136909693790383
-2.749892551856872 -0.9764768122621578 7.134621914345603
-2.7113310615305926 -0.983762085826463 7.132796683629102
-2.673193508322018 -0.9910713487934533 7.131124803980781
-2.635420506195108 -0.998025410323239 7.129702151842227
-2.598136764591441 -1.0046017308075712 7.128674146646716
-2.56088277311521 -1.0114293437656763 7.128227903215961
-2.5227460825179566 -1.0186218717399738 7.1281309503188695
-2.484863852662719 -1.0258541785658883 7.128280499640032
-2.4469602374535535 -1.032777782416233 7.1285992630851025
-2.4093950541023395 -1.0390909838926181 7.129301907889029
-2.3723079887462246 -1.0449459522318418 7.1301406523024795
-2.335157208447026 -1.0511531591182213 7.131385669648406
-2.298120122023114 -1.0573293897476808 7.132990776316258
-2.261113553417907 -1.0637564499331282 7.1350518086361925
-2.224210959313725 -1.0704643325756236 7.137286657081883
-2.1870918288819654 -1.0775585275022093 7.139967962281909
-2.1499967777045916 -1.0843995070590016 7.142917242779716
-2.112540323020721 -1.0909991520569025 7.146180401567919
-2.075468328706715 -1.0971556612273876 7.149654995220138
-2.038625755563808 -1.1034502389948841 7.153149996073467
-2.0021175640072735 -1.10950860073007 7.15707772524416
-1.966059325239588 -1.1154007057661552 7.16155002398557
-1.9311588369997839 -1.1214568501820368 7.166310208707954
-1.8962551289662297 -1.1279945098299111 7.171767175248988
-1.8610311687963115 -1.1346602137306014 7.177520854381112
-1.8251282073584272 -1.1409419168735784 7.183570413478656
-1.7888336931039772 -1.1469491465485635 7.189741494100336
-1.752252033292092 -1.1531640229009024 7.195961040957986
-1.7156560153607259 -1.1597480509975189 7.2023251341280385
-1.6783817834478996 -1.1664677316813419 7.20884894032977
-1.641279821858563 -1.1729429335638548 7.21564236726954
-1.6042323216281715 -1.1795445499556119 7.2226404667915425
-1.567144015793646 -1.1867731453092565 7.229808446719296
-1.5297522679906292 -1.1942464324523738 7.237142564353762
-1.4915705183967223 -1.2011301292723586 7.2449250978586885
-1.454006067060787 -1.2072628131217464 7.252574003646017
-1.41675275205097 -1.2134199465247344 7.260316290334612
-1.3795368440421227 -1.2203054567225524 7.268709535996363
-1.3428843159673627 -1.226959836077923 7.277207427053055
-1.3069231387182876 -1.2336489405266424 7.285982725419662
-1.2714053355081933 -1.2396066326442696 7.294947843870241
-1.2365220687632918 -1.2456668140257883 7.304282473889512
-1.201950586217736 -1.2518713537680821 7.31421758089123
-1.167723546269877 -1.258609588944403 7.32482549885959
-1.1329454793155507 -1.264829585766715 7.335904543195677
-1.0985067316862398 -1.2707302623767085 7.3475493190670935
-1.0642549521828037 -1.2763866621694888 7.359342181191791
-1.0304351195802477 -1.2824667880756102 7.371688886559855
-0.9973267273957654 -1.288564738586232 7.384318932248274
-0.9638509329367394 -1.2947993706746292 7.39729099602213
-0.9306645210979159 -1.3009035639035158 7.410274382512988
-0.8971979418931942 -1.3068436408787403 7.423641739823427
-0.8638584717895617 -1.3129218517789871 7.437388955554617
-0.8302426614158616 -1.3186877925877503 7.451643145163054
-0.7969174139899695 -1.3242033051494644 7.465952356365929
-0.7639588016668474 -1.329735982351676 7.480591343040179
-0.7312211032148048 -1.3357279467906287 7.49569068717214
-0.6992019180362548 -1.341619779164176 7.5105404423825135
-0.6675797485829603 -1.3475783825620749 7.525910735648818
-0.6355703367684495 -1.3536671150368713 7.541851167853606
-0.6038938819915693 -1.3594677515254794 7.558203495172034
-0.5726919312249301 -1.3647964301372977 7.574826570096467
-0.5416383482112541 -1.3700188046725383 7.59151716841121
-0.5108219738656784 -1.3753957158915187 7.608627450474272
-0.48047685588357425 -1.3805209649780767 7.625674376914804
-0.45074626787428873 -1.3853325963174787 7.642784356096072
-0.4211423453289701 -1.3901022032305774 7.660248762281235
-0.39172398906926537 -1.3947224996555811 7.677907392731343
-0.3625378610416556 -1.3996675091337412 7.6959003202215905
-0.3333115864757184 -1.4047462235113997 7.714209921815716
-0.30349277153995563 -1.4100246030292911 7.733138909743471
-0.2739529692015853 -1.4151049310570045 7.7521559040598
-0.2442963943240802 -1.4202520048635805 7.771413389626969
-0.21461443485552967 -1.4253398204071617 7.790899586099848
-0.18445597534716485 -1.4303622569715073 7.810893327235503
-0.15340442366109877 -1.4350644739872276 7.831465629368745
-0.12236046466712024 -1.439075156933302 7.852043215989122
-0.09121285272088027 -1.4429607644563605 7.872594279839787
-0.06004161221284747 -1.447069156766523 7.893087582382453
-0.02890107843884021 -1.451743109382814 7.914071193763653
0.0029278439600311096 -1.4565349031735102 7.935574941084329
0.034996557064139754 -1.461422555560226 7.957621529476523
0.06751867567261574 -1.4661525908537756 7.980045688573851
0.10094598086694626 -1.4710011999547956 8.003073474742113
0.13461149819878954 -1.475052629321662 8.026225313244614
0.1675387832371756 -1.4791087705914951 8.048981994527251
0.19973492135691515 -1.4829422415626148 8.071404452634056
0.23156368005894556 -1.487206060291092 8.093721896358263
0.26272078643049274 -1.4913520561408071 8.115762419047885
0.29350064376087487 -1.495414462307851 8.137472336202054
0.3242828207047941 -1.4990274726420292 8.159173733639056
0.3550154654601787 -1.5025277675565638 8.181083891914616
0.3856489617975926 -1.5061722265248185 8.20300980608821
0.4162101300055604 -1.5097812294872475 8.224921395539537
0.4461302933860217 -1.5130035907745683 8.246379183994009
0.47558636847818353 -1.5159267970260062 8.267677589589846
0.5047988740614423 -1.5190289445376133 8.288886488591078
0.5342055153753764 -1.5222611386013594 8.310422515685083
0.5634761759876746 -1.5253671879466542 8.331860581775981
0.5927490737813209 -1.5280136613842275 8.353695958290707
0.6219801024442586 -1.5303392982717168 8.375668290598567
0.6509814176893554 -1.5325105374872081 8.398378993479914
0.6802176934590292 -1.534869757185946 8.421389099271254
0.7093284283690399 -1.5374996425277239 8.445043531629606
0.7390574950648504 -1.5401548763311022 8.469375310300904
0.7683906840694951 -1.5422876959826184 8.494048074423926
0.7973274667059657 -1.5438661562442066 8.518770663378113
0.825389032151706 -1.5456353046282336 8.543612892511995
0.8524474601910841 -1.547395974424981 8.568175858331685
0.8788863460421282 -1.5492069387404752 8.592900426696566
0.9048042749948684 -1.551023874431099 8.618041987734987
0.9301316857544051 -1.5526493738459732 8.64353356624029
0.955436194713988 -1.5538711042203197 8.669393358977802
0.9807544315696745 -1.5553157281060765 8.696211915120989
1.0056148486234615 -1.5569564369981965 8.72321408660077
1.0305876884266294 -1.5583540689365483 8.750836686933157
1.0552479095227734 -1.559330595399955 8.778167854216347
1.0797304318266387 -1.559740610388205 8.805650132509223
1.1037621694312703 -1.5602067971158233 8.833950066124665
1.1275204448447222 -1.5607942987304544 8.863179889211969
1.151397597070036 -1.5612736822037738 8.89333853250327
1.1751884937654389 -1.5616060076900908 8.924132573637614
1.1985706673683216 -1.561532079677894 8.955471760410791
1.221849175251847 -1.5615799504306416 8.987244555091925
1.2444522056313323 -1.5612734078298631 9.019573841378952
1.267056342716456 -1.5610045223278195 9.05234337974814
1.289553939599896 -1.5605534013565587 9.085984357104447
1.311733017843423 -1.5602440241709843 9.11991371611483
1.3334634167809292 -1.5594707979317952 9.153890103141453
1.3548637166358513 -1.5587372693453023 9.187979533008757
1.3759024527125336 -1.558543713729681 9.222589754308954
1.3968570206955013 -1.5583493190609614 9.258050671605304
1.4180003867183457 -1.557498311342782 9.294448181839657
1.4390984057322742 -1.556405487798917 9.331342193360607
1.4602779720104464 -1.5554779357103885 9.369461019096212
1.4818980125472416 -1.5541091717334043 9.408644450620194
1.5032531346122677 -1.5517347910413901 9.447990585221364
1.5242206195894776 -1.549306359973058 9.487375766115207
1.545222983403893 -1.5474296770967197 9.526847279572419
1.566270479130148 -1.5464138373071254 9.566732366277
1.587218236370552 -1.5458357554893072 9.60654518938213
1.6081212892440386 -1.5450603565926369 9.64638952051779
1.6284879692690621 -1.5439176237348466 9.685176646094488
1.6483298223847476 -1.5427792730178023 9.723312965939765
1.668191810781233 -1.5416023955264888 9.761281395921324
1.6882800351152567 -1.5404789208373952 9.799470499523942
1.7084442665531308 -1.5398348743454418 9.83798876900558
1.728509734597208 -1.5392666227198686 9.876529535669748
1.7481455536189168 -1.5383447711219675 9.914985461150463
1.7673979324624824 -1.5373472605847798 9.95375400128031
1.7859990871691533 -1.5365376493922984 9.992785582655696
1.8037078689724908 -1.5356569984430375 10.032113968170428
1.8206510274005665 -1.5343854183744257 10.071190506413172
1.8368026000655195 -1.533319392558296 10.110112497441165
1.8523866216441853 -1.5325101601713047 10.149578805088183
1.8675693106711755 -1.5314527496583343 10.189469856142017
1.8822081456090733 -1.5300842718918646 10.229350500072055
1.8961725587499796 -1.5286883362344421 10.269506801643695
1.9094748572148619 -1.5272570016295637 10.310209633794106
1.9221150158210143 -1.5256079474150488 10.351087581222238
1.9339134380642655 -1.523929872261418 10.391642343784655
1.945156321092277 -1.522380679095127 10.432252734459784
1.956013704409195 -1.5208546971334342 10.47309476014034
1.9667579173819172 -1.519378723980085 10.514028421600235
1.9774149368702663 -1.5178231765829584 10.555026284862912
1.988032944704424 -1.516322503658696 10.596307705662543
1.998471016741874 -1.5148463140479964 10.638018608158301
2.0089168179000825 -1.513350240043189 10.680237248426035
2.019299128982608 -1.5115996017773603 10.723144500010179
2.0291180664693527 -1.5098866603316854 10.765572679226173
2.0383056172845686 -1.5083576722021295 10.807000878450687
2.0469628368007213 -1.5070950073783056 10.847896929555606
2.0553577228642204 -1.5060918315220866 10.889078028962784
2.063446968553304 -1.5052795307197286 10.930987481201008
2.0715133161406474 -1.504006551375528 10.973255611479276
2.0794984952443585 -1.502052788777928 11.015287191622933
2.087257698354918 -1.4998396862987677 11.056768872803953
2.0947311376260895 -1.498149487528471 11.098317254887561
2.101739076954849 -1.4968712906823876 11.13932636772432
2.107792102374434 -1.4958623244380558 11.179598408680613
2.113382228954907 -1.4948912006349464 11.219938592534785
2.1193487114302973 -1.4936259459142736 11.259349935404874
2.1259314672159064 -1.4925155021993897 11.298145991785443
2.1331350316082465 -1.4913610009883322 11.33647989274614
2.1410143614439 -1.4903537524109303 11.37508277386422
2.149053592216931 -1.4892481631547498 11.412956662186303
2.1569252755981934 -1.4879881041643894 11.449801433176678
2.1648639831723826 -1.486551014555802 11.486078726104914
2.173086315935915 -1.4851682396835162 11.522450546264675
2.1814709423839456 -1.4841408465263757 11.558803970573884
2.189548700939038 -1.4831580961149018 11.594854664470931
2.197301449791861 -1.4821439673030787 11.630597564034732
2.204416629595808 -1.4811760700160774 11.666243772132875
2.2108460069824285 -1.4801898685375947 11.702225586949254
2.216738250649094 -1.4792841779428412 11.738754439827686
2.2216920799784843 -1.4782033434770654 11.775264201489447
2.225861370870645 -1.4769473094314458 11.811982160717701
2.228862368851369 -1.4756762460013773 11.848597441094597
2.230392661841867 -1.4744743158101115 11.885426732427236
2.2306312803067847 -1.473252631215778 11.922032361808377
2.2294872092852707 -1.4719960389724012 11.958244814008278
2.2269870359960557 -1.4707377727494364 11.993780358730055
2.2234824121951284 -1.4696418002287295 12.028821035740823
2.2187003982613636 -1.4686336910137054 12.063416148644489
2.2128494872243083 -1.467463551484929 12.097079289129098
2.206224644574949 -1.4665060254558278 12.130063049457178
2.1988048114750725 -1.4655857787111644 12.163024499674913
2.1904829931945238 -1.4645825656163787 12.19592571717136
2.1815364375264936 -1.4639406274654483 12.229263834585959
2.171610367588266 -1.4636027019607025 12.263832627706947
2.1610262355483876 -1.4633701075505716 12.300450929116632
2.150484020078871 -1.4621810225467746 12.338904152414042
2.1397816007719577 -1.4603135384590773 12.37645626261416
2.1289364888439617 -1.4587387230411197 12.414062085010759
2.117932271596873 -1.4580602644752225 12.451131050474364
2.1067896437869713 -1.4578868601643167 12.488057431709008
2.095730289859355 -1.457701636439993 12.525748078601612
2.085024478972993 -1.4569171314430913 12.563610794922514
2.0746780740705186 -1.4558696021058593 12.600639212074148
2.064420031389253 -1.4549424414686094 12.63786135864781
2.0540355245961703 -1.4546715628528852 12.675461971031252
2.043347925722627 -1.4552487819995363 12.713580671540813
2.0323296848039885 -1.455945530607242 12.752646842694757
2.021202568372967 -1.4562910690364006 12.7925033797748
2.0100571923330457 -1.456326939934775 12.83289517253656
1.9988593331168059 -1.4562216810446065 12.873802782184315
1.9874152273628645 -1.4560348519418311 12.916101655715098
1.9759865909947638 -1.4555246341326744 12.958620210771063
1.964812258632906 -1.454891043264464 13.000761891610951
1.953892973528459 -1.4547778848040462 13.04310845478481
1.9428268628980996 -1.4552782470351384 13.08565824702185
1.9314780368749127 -1.4557880671565213 13.128140494671696
1.9196804740068412 -1.456081687411239 13.169796536258803
1.9075857769433364 -1.4561467452821377 13.210856907856789
1.8948318581110264 -1.4561632942072427 13.251634314267797
1.8818211390685067 -1.4563812136973808 13.291981032602587
1.8684005852999321 -1.456780848514366 13.332362131541748
1.8546282166561314 -1.4573386494801879 13.372435770101047
1.8404695359675523 -1.4577361598608516 13.412294748120761
1.8260687172472183 -1.45790774892432 13.45164489071724
1.8112323155096177 -1.4581133812490115 13.490730184365987
1.795863338479322 -1.4583633368391782 13.530164670559225
1.7801629811901305 -1.4588678674126658 13.56941364807255
1.7642184356090063 -1.4593202619666354 13.609016623999153
1.747755519158894 -1.459708015447645 13.649427862978643
1.7313576363187608 -1.4600770676600698 13.688999340337944
1.7149233359260148 -1.4601134326556278 13.727638308520037
1.6986502844378508 -1.4602698899124846 13.765270196942518
1.6821125809822244 -1.4613366554153704 13.802535548221638
1.664790870331332 -1.463206354217993 13.840032007902643
1.6472186859360136 -1.4642953979617437 13.877704331182207
1.6292993259537714 -1.4654599729977087 13.915697100471167
1.6108866655397955 -1.466721696868755 13.953883682973034
1.5919931905688816 -1.4681679010993747 13.99317123430395
1.572306537688379 -1.4698710023451533 14.03317795876045
1.552203951563533 -1.47104112267226 14.073768147846394
1.532037244558812 -1.4716648439736213 14.11498329359332
1.5119923308155643 -1.4725762820735167 14.15615937848142
1.4919567524445865 -1.472871305397596 14.197257744144377
1.4716591787429985 -1.473522760519543 14.238313910975508
1.4515952303257713 -1.4739935010611516 14.279298991448442
1.4322216021883012 -1.4749772721767334 14.318605443902745
1.4126697050319392 -1.4759609903363136 14.357959541101517
1.392845307762587 -1.476964479099539 14.397240952286731
1.3726170698382576 -1.4778980588779878 14.436490103974432
1.3523436243463558 -1.4786295048536662 14.475455136233101
1.3318578663556462 -1.479173488212635 14.514692022897956
1.3112382362666035 -1.4795583965380459 14.553869574547697
1.2903724778613144 -1.4800706454265242 14.593227763857927
1.2694637696254931 -1.4805723992781763 14.633050724252078
1.2485679226835888 -1.4809007667984317 14.67275277028694
1.227682126080398 -1.4811575803539592 14.71197605813677
1.2069838095000338 -1.4811734752623866 14.750688989292826
1.1867891746420953 -1.480674883152658 14.78929768086751
1.1669056692618986 -1.4801112114399664 14.827470212734355
1.1469705997036954 -1.4800270006694487 14.866009139684957
1.1271280067421543 -1.4801897243993627 14.904743631859594
1.1071262637946413 -1.4800952213636414 14.944017473669733
1.087323779841969 -1.479504021401753 14.983381296320623
1.0677425714370208 -1.4785226128119462 15.022498960400583
1.0484182414427519 -1.4775388748746228 15.061576611979342
1.0293311371118818 -1.4766610437144803 15.100456951959863
1.010470048840578 -1.4757671695492367 15.139757828773147
0.9915362525882052 -1.4743155577546374 15.178570387892382
0.9725706042437103 -1.4736462067938145 15.217079092730442
0.9537248366661591 -1.4730672150217248 15.255344333451031
0.9348277626771356 -1.4727844410924507 15.293376607141711
0.9163193132612915 -1.4715735644454664 15.330741228861745
0.8976996261338177 -1.4704647493905691 15.368216433192076
0.8791653741722091 -1.4689600685356552 15.405603739900119
0.8608328694057921 -1.468144054464684 15.442618873743692
0.8425547244654827 -1.4673923005434193 15.479763923879275
0.8244101655077696 -1.4664987983729398 15.516241192507916
0.8066181006943679 -1.4653454761103988 15.551979390236806
0.7888173839707463 -1.4642666882739692 15.58713708396967
0.7709355941052539 -1.4634313313577914 15.621847471847257
0.7531833651550712 -1.4627905176404885 15.656335227281392
0.7353739478913445 -1.462080055005366 15.690911228641447
0.7175324852467402 -1.461395297573152 15.725384778479045
0.6997849398169361 -1.4606499820776777 15.75971430869126
0.6825033126040749 -1.4599079970944064 15.793725234095604
0.6650414996721956 -1.4589852094979123 15.828049633647547
0.6474511280133742 -1.4578491359864822 15.862672048322551
0.6296964620525634 -1.4562972053930918 15.89748611291927
0.6116709745435371 -1.4544721245217922 15.932808282259888
0.5936477464764501 -1.4524825943653723 15.968311346278936
0.575408780956009 -1.4503689210462192 16.00343825973316
0.5572417512858546 -1.4479996272060593 16.03870181611457
0.5388607213862661 -1.4458963084123262 16.07364217638964
0.5204964810933799 -1.4436507713255728 16.10773500517944
0.5024920246247797 -1.441400389588129 16.14118303110687
0.48536916843455974 -1.4391662262625422 16.17375968506062
0.4682300004063246 -1.4374426662248683 16.205735914129576
0.45097333114622007 -1.4355232340744701 16.237709585826103
0.43451994206123706 -1.4333274205450592 16.26856016793503
0.41880285738649164 -1.4311490915707537 16.298265228512825
0.40341077944540316 -1.4292013048462493 16.327098934499737
0.3882087231162471 -1.4275963740967565 16.35541495430038
0.37361238334543645 -1.4260513050195152 16.38283292201199
0.3595852008320073 -1.424689873427958 16.409605717633553
0.3456496008287595 -1.423256491946732 16.43631403337831
0.3315776754756572 -1.4219124463001005 16.463099845673057
0.31736400359242656 -1.4205369263862495 16.490121832707068
0.3038065895356159 -1.4190696318882945 16.51672224373952
0.29060307063019464 -1.417765411671625 16.542843839661877
0.2776559377149535 -1.4166838241373332 16.569454812026475
0.265354426283178 -1.415929941260265 16.596697002221983
0.25376767419699137 -1.4149557285276273 16.624747792365515
0.24252999863963293 -1.413539497808815 16.653754484189943
0.23188972127710458 -1.4115553795033948 16.683209984942902
0.22208019400797083 -1.4096350430759697 16.712860397890694
0.2131361421279445 -1.4075401737895459 16.742929994742973
0.2051438465765201 -1.4053247087599112 16.773949413071776
0.19811249024255317 -1.4027076440473016 16.80516966507916
0.19215431887076442 -1.399854327112086 16.836360023683437
0.18703777086892115 -1.3970724446355056 16.86774192452178
0.182960632692823 -1.3944883450660328 16.89892441911219
0.17986122141306993 -1.392086767677814 16.930073210621984
0.17773858988899288 -1.3897516329532575 16.961249652926227
0.1766173500218543 -1.3874564724075442 16.992547561260434
0.17633721210876444 -1.385034430461776 17.024101279633616
0.17682387462219795 -1.3825587234576675 17.055211361472875
0.17839874336291622 -1.3799652979249777 17.08675353646387
0.18073686921596283 -1.3774018480638914 17.118249319193463
0.18396339005639908 -1.3746730762140436 17.1502226963257
0.18787833012789812 -1.3719494927674243 17.181843852124096
0.192303930569935 -1.3694055492792363 17.213350467121234
0.19749926021694023 -1.3669545244810173 17.244865823561145
0.20329038361546656 -1.3646852749914185 17.276765864539072
0.20967384284593416 -1.362218654448135 17.308460500887033
0.21670686947917725 -1.359933856335597 17.340293125379777
0.22473056979131345 -1.3575987617026144 17.372164084604027
0.23332345934543305 -1.355268823550156 17.40415954173409
0.24275213567914486 -1.35301642724796 17.436178202750867
0.2532552800660416 -1.350756892024821 17.468672245832824
0.2642060660409474 -1.3485583712337257 17.501404374300048
0.2757205654735394 -1.3459913106829988 17.533777944597
0.2882939935438879 -1.3432502069976662 17.566221098952955
0.30127084863361875 -1.3404339255528044 17.597980804016775
0.31484195054696984 -1.337868153614609 17.62976632109647
0.3289983887849369 -1.3353386993588001 17.661502263792176
0.3444504403946836 -1.3331241615418088 17.693330529929366
0.3610677959663318 -1.3310728474470095 17.724872245484367
0.37872491965514893 -1.3290073602505776 17.756302113684878
0.3973327823386639 -1.3266660195822888 17.78711084648317
0.41707064307612485 -1.32417055205964 17.81762175112797
0.4375789604378594 -1.3217450485783124 17.847162273824043
0.4584420789533667 -1.3192534547006791 17.875212660737468
0.4798628220881366 -1.31692055153219 17.902163147908734
0.5021513344865545 -1.3145886227547896 17.92831324486466
0.525305720037592 -1.3123628456232295 17.95380807061745
0.5491126532547068 -1.3100954348974978 17.97870733105945
0.5735555614154844 -1.3077125965429346 18.00322340669154
0.5984511802797854 -1.3053472443393255 18.027057648715804
0.6242317814153643 -1.3032301736815435 18.05049547180538
0.6506648395840776 -1.301180027809637 18.073756116444674
0.6771623837239032 -1.2987745468832608 18.09642887410334
0.7028818820668218 -1.2962563048409088 18.117959679824377
0.7290766663398756 -1.2940356814028375 18.13827651580714
0.7551442128845782 -1.292484939286264 18.157626957995234
0.7819627742616089 -1.2909363764733603 18.176707588674788
0.8093105096308874 -1.2888930154215215 18.19521330593785
0.8372249199432722 -1.2865522105087022 18.21294049879794
0.8658355723073118 -1.284047080489861 18.229921357819624
0.8948432666104654 -1.2815363738330672 18.2460187696146
0.9248064970174914 -1.2791428981835258 18.261582589230315
0.9555885333637275 -1.2767298141754282 18.27632891147679
0.987293401788983 -1.2742180203533928 18.29041672293863
1.0198254523355113 -1.2717483889314471 18.303952434763723
1.0534625556293602 -1.2691353946689865 18.316817257138275
1.0872263491993555 -1.2663808682241111 18.328711818723217
1.1210403722369762 -1.2636229702655881 18.33961023522371
1.155325106103714 -1.2611427678937948 18.34956240934311
1.1900501399393564 -1.2587558345245955 18.358454595768283
1.2252843850015867 -1.2565482217573927 18.366197768194425
1.261291963579367 -1.2541054495935258 18.37301419959572
1.2977546085808824 -1.2516521114434656 18.378598470086676
1.3345890091738033 -1.24913826287589 18.38312831848973
1.3718560010066327 -1.2467667463542953 18.3867090456217
1.40934212226963 -1.24441509775728 18.38925614864799
1.4472055807331643 -1.2417447829829358 18.390808262318046
1.4850319422691665 -1.2393330914242566 18.391328590338862
1.5229868838173048 -1.2370909736418025 18.390811458305272
1.561024112595268 -1.2352462297243674 18.389321186988937
1.5992530322328378 -1.2333136286557542 18.386573708591612
1.6379238118711246 -1.2311613132504529 18.382930743689762
1.676822135883574 -1.228733521463019 18.37828974726084
1.7157778988693035 -1.2262837941092881 18.372623289591235
1.7548302231285748 -1.2238785800964758 18.36571402335633
1.7941954992965023 -1.221671698133472 18.35759676684019
1.834285037100613 -1.2195368757141527 18.348148361670503
1.8749457355306423 -1.217476972433777 18.33758011257492
1.9162907058757574 -1.2149907947599907 18.325570889889377
1.9572798383928127 -1.2122549792647757 18.313105518732527
1.997379700090956 -1.2100979306231763 18.29991362930009
2.036609594090768 -1.2082998945462131 18.285667580065837
2.0749300631828063 -1.2062074454348977 18.270877341314073
2.112967666617829 -1.2039628318562126 18.255095983636348
2.1504032273588525 -1.2019980725822266 18.238599633065697
2.187607922653512 -1.2008372665459588 18.220927681723357
2.224449452162039 -1.1997393721398844 18.202342179215965
2.2609536975585924 -1.198492763816543 18.18289526192428
2.2972261718516407 -1.1973769479168335 18.162657122878443
2.3341419323924564 -1.1963103102593962 18.14157186823773
2.3712897838379376 -1.1947624428459436 18.120055043777704
2.4085530919714953 -1.192961988538843 18.09777873157826
2.446489117757575 -1.191466508796244 18.074828552598134
2.4853833340460154 -1.1901778999086359 18.050937705704428
2.5248758490196566 -1.1889041189517329 18.02647644070719
2.5646222339679943 -1.1876174266319492 18.001440961966253
2.605079754803716 -1.1863542784187577 17.97582192287282
2.645806736923478 -1.1850094430742042 17.95014466846446
2.6871111274385426 -1.1836763799540673 17.92406488854648
2.7293120370288584 -1.1819954778978516 17.897305314286935
2.771131965184182 -1.1794609909278149 17.870419225370174
2.813133594561704 -1.1762936547408605 17.843387217151584
2.8546410363311012 -1.1735050328288104 17.816604344823883
2.896265993882101 -1.1710274727592456 17.78994916502407
2.937628366396609 -1.1689287419844063 17.76373006711346
2.978806862221679 -1.1672188809693602 17.737647645055933
3.0204532442590275 -1.1656751717303706 17.711395420058604
3.06215035897146 -1.1637708201332504 17.684877598202107
3.1040912767597275 -1.1616749650457785 17.658234073446536
3.1459895539027265 -1.159228600401747 17.631441050764373
3.1876889507407804 -1.1566307943033027 17.6046170064349
3.229039197641908 -1.153552163933952 17.577709192275695
3.2703917671647385 -1.1504929831930315 17.550645895797057
3.3118521509810046 -1.1483824496441022 17.52378175038501
3.3536584867774697 -1.1463560120588276 17.496611408915612
3.3963582961978114 -1.1437539604139397 17.468973381712868
3.4387031347633594 -1.1400184421564723 17.441663043864796
3.4806282947841587 -1.1367432086670237 17.41452761474603
3.5221518366644045 -1.1342147024078026 17.387895059056177
3.562954693234451 -1.1331046785957528 17.36154043357374
3.60439663178061 -1.1318260304938708 17.33488846571854
3.6461983269604397 -1.129478319152578 17.30791434938677
3.688003807608898 -1.1267188963410386 17.281034856819858
3.7299402294608384 -1.1243557118058836 17.25406430979866
3.771974592898777 -1.1223479811587798 17.226926128324287
3.8138695698646403 -1.1198683801194576 17.19975565462931
3.855901604148341 -1.1172028983642686 17.172304923323107
3.8981989695435817 -1.1147816099659482 17.144769269098113
3.9405779470420343 -1.1123253497846024 17.11728901486068
3.983142020297188 -1.1103735203468261 17.089692981667582
4.026582819519931 -1.108285277487696 17.061606627883283
4.070394883504744 -1.1054479695738804 17.0332583068074
4.114306385043883 -1.10226702952334 17.005092546538688
4.158086450066325 -1.0999254246364163 16.976994199397733
4.201923441584047 -1.0980313380178082 16.94871230807937
4.245918634818625 -1.0954241088023955 16.920021488840764
4.289671254993731 -1.0931319612878878 16.891105715515454
4.333405819663314 -1.0909607531274206 16.862143867061512
4.377793869216709 -1.0891493267896226 16.833037376736257
4.421858431715675 -1.0872469702071144 16.80433922081735
4.46566824024179 -1.0852216044483183 16.775840867270638
4.510211591188838 -1.0828541963334708 16.746954163739538
4.55527635026281 -1.0802834104170818 16.717726544653416
4.600227146629406 -1.0773404119919954 16.688449816757
4.645357398710677 -1.0749836902564784 16.659137112788564
4.690125026096787 -1.0724155469615684 16.62988430862563
4.734967187882115 -1.0699106640734548 16.600614177849074
4.780382234792872 -1.068969866484168 16.571913893596413
4.826092331928103 -1.06770317703941 16.542686291598198
4.871444636035194 -1.0646648903384892 16.513448962506445
4.916135315044046 -1.0613994396418305 16.484424175751805
4.959648412447605 -1.0586295333876676 16.4561823649897
5.003034779977029 -1.0558693912127517 16.428371455185772
5.046323004435656 -1.0534815206627832 16.401087893070205
5.090424856648905 -1.0520251891734198 16.37372785017143
5.13471562757016 -1.0504009901423281 16.346138797365683
5.179291044996053 -1.0480722947162102 16.31850842617632
5.224168986255374 -1.0455162414428403 16.291025762149147
5.269369445702236 -1.0428866973020894 16.263221615761648
5.314335201312237 -1.040418469372739 16.235378100895332
5.358813833548742 -1.0384618815019062 16.20780222914035
5.4026277787378065 -1.0371468406433355 16.181020411558674
5.445814249070203 -1.0358559560333753 16.154310855410937
5.4880370922781205 -1.0346883672984448 16.128132932701075
5.530224880538081 -1.032953226892006 16.101329959103268
5.572177615148335 -1.0308528663521148 16.074501899136248
5.613249938194041 -1.0285002991925027 16.04781769766907
5.6542065846007645 -1.0265816746429353 16.021335172804054
5.695200555386824 -1.025108779435913 15.995012242687253
5.736045227580309 -1.0241616289686033 15.968532592509009
5.7768689502294395 -1.0229854075024758 15.9420020936084
5.817288625870327 -1.0217770718871646 15.915049831085177
5.856898575504212 -1.0201867152097168 15.888491289356235
5.896657187077581 -1.018981617800466 15.861647252423666
5.9364021135692715 -1.0174917578045524 15.834593601231639
5.975419379396712 -1.0157355315583803 15.80774337668022
6.013712518485801 -1.0137695930743902 15.781550473298529
6.051256782394193 -1.011969118160479 15.755846205010396
6.08837518170496 -1.0105674890880965 15.730005430254316
6.125280774863964 -1.009180587464787 15.704197688413043
6.161986437905266 -1.0077944656727724 15.678340257778894
6.1981711323598 -1.0063594317841675 15.653000467073243
6.233791164940617 -1.0048998672763 15.628454835539136
6.269586663695238 -1.0035113057580858 15.604452986348145
6.305711108143357 -1.0020186906899624 15.581108719579653
6.3419391743451055 -1.000387623146903 15.558765093994253
6.378273085325902 -0.9986779115080237 15.537456622435762
6.414343355918417 -0.9968327058573185 15.517445211918288
6.450097160632015 -0.995046075141945 15.499244220274786
6.485260266235303 -0.9932539196944162 15.482183943904174
6.519932057158743 -0.9915579210247201 15.466321492348628
6.5545608975570415 -0.9901661746702954 15.451940249114939
6.589513659771122 -0.9888811871522426 15.437891321324546
6.624809904916676 -0.9878208148252158 15.424993804712134
6.660713279987665 -0.9867889032164515 15.412831397321122
6.69726219709099 -0.9858694421361622 15.401687586213807
6.73465086151736 -0.9845421150186611 15.391047812895083
6.771998472228017 -0.9829531912094757 15.381707098019039
6.809098684004504 -0.9810259589796008 15.3731291777094
6.846019870062237 -0.9790338556268865 15.365600161995735
6.882648941943952 -0.9771922221465471 15.359073281438485
6.919117039163975 -0.9754101671697976 15.353281152935088
6.95578773539209 -0.9733315070316795 15.348571533314423
6.992118266485447 -0.9711796810038751 15.344684262011175
7.027517700062297 -0.9691889156201022 15.342124253874799
7.0628004116131935 -0.9673985987356479 15.340780378652424
7.09814017206125 -0.9657667815372768 15.340840192072049
7.133534204110613 -0.9641974520062807 15.342101196097767
7.16913566053292 -0.9624426643140808 15.344645364404245
7.204995404875592 -0.9606513414870604 15.348621869020029
7.241310128440515 -0.9588785103819661 15.354112262185803
7.277558960027711 -0.957015939607913 15.360767298436208
7.313782327874204 -0.9545300999814548 15.368945131442917
7.349903632218837 -0.9521508365294188 15.377960502098059
7.385631489150885 -0.9498648824769952 15.388060253145541
7.421226650377926 -0.9477213789217483 15.399438311102188
7.45653151116001 -0.9456020994787419 15.41195955178436
7.491241375891967 -0.9438924558156778 15.425578523089978
7.5260789807658135 -0.9420939382797756 15.440322768588153
7.560735891868205 -0.9401233116733918 15.455910384389975
7.594385995883283 -0.9374314658524956 15.472349689226958
7.627838277590612 -0.9349472601473551 15.48967211552179
7.660762212438084 -0.9327081380795819 15.50856813310549
7.693452119250765 -0.9309149654215368 15.52863236505135
7.726968287134145 -0.9289762807278472 15.550454009322541
7.760823188652762 -0.926826534582364 15.57333494202014
7.794258797445694 -0.9241384376586351 15.597234300219526
7.827142382711937 -0.9211907368216045 15.622089118281723
7.860220408889412 -0.9180762923037215 15.64806307993711
7.89333209525084 -0.914853755534512 15.67541613327992
7.925926061120837 -0.9114456991776189 15.703702631202827
7.958183352971132 -0.9081285987234525 15.732255363231449
7.990541145457587 -0.9047860259085031 15.76175886742343
8.023696842458884 -0.9013146565345304 15.792579271806613
8.056499465707985 -0.8977022723991663 15.823804138179323
8.089365026177205 -0.8938375225989365 15.855755434460168
8.122153743883144 -0.8897964402211489 15.88842267878525
8.154481667977869 -0.8860346100844784 15.921070262282617
8.186435812345374 -0.8829347650186498 15.954163260366293
8.218483760205867 -0.8799910828853148 15.98723198374835
8.250658430102401 -0.8769478441795665 16.021050270961876
8.282889047327414 -0.8740839676876101 16.05526765307524
8.315310745519511 -0.8706785367706777 16.090106455012542
8.347313783193576 -0.8672941533584059 16.124755937413976
8.378781884473504 -0.8638281241824212 16.159273926040274
8.409532275731802 -0.859787100956262 16.19331159140957
8.43974861804682 -0.8560817653422969 16.22685157534183
8.46963435016477 -0.8524906024699692 16.26025235493027
8.499265431980609 -0.8494178846287 16.29381092558056
8.528715100985336 -0.8468804690704204 16.327432540970047
8.557315333210534 -0.8443570249485264 16.36063162872993
8.585788120712257 -0.8417659446173953 16.393696166307716
8.61374931575215 -0.839216233620602 16.42589890635222
8.64143432678469 -0.8363709166519274 16.457326620200504
8.66930823257497 -0.8331644875208735 16.488260567600168
8.696706987642237 -0.8299409992608587 16.517940986330125
8.723929931696086 -0.8271326092069019 16.546891588667517
8.75187515456183 -0.8245256693180192 16.574986036923402
8.779877493336508 -0.8219707946679837 16.602549020820966
8.808411492920674 -0.819547737441735 16.629326395185025
8.837122261510624 -0.8173360111735308 16.655538888134046
8.866659097339989 -0.8151966489457347 16.68124287961598
8.895906507731182 -0.8128979416109952 16.70585006651982
8.925207403159918 -0.8107453358295633 16.729163250344296
8.95326622266458 -0.8090283195343946 16.75062455303618
8.980293480674828 -0.8079188087286556 16.77091353237288
9.00697306839873 -0.8072185545422811 16.789944028897377
9.03359510039039 -0.8073852106372245 16.807551775675464
9.060045481096408 -0.808236204637933 16.824214151524927
9.086960796292562 -0.8090527260998713 16.839298116956996
9.114066852042043 -0.8099482796227617 16.85306044514608
9.141081455615014 -0.8105153267566026 16.86519861320294
9.16779667003539 -0.8106911604904148 16.87570621712531
9.195952750554257 -0.8106673384674075 16.885452771667534
9.2239824278129 -0.8108479205469545 16.89375349769016
9.25177356140583 -0.8114052212995686 16.90084457285263
9.27916101545948 -0.8123952891581243 16.906433406515983
9.30643909497935 -0.8137805868093346 16.91053907769679
9.33448866093373 -0.8155635203016834 16.9137594472996
9.363089116117829 -0.8173762630211564 16.9159278940807
9.392281512307635 -0.8189202485818485 16.91655712942057
9.421411904535272 -0.8198947540356277 16.91538987807712
9.450313844331738 -0.8209160753888258 16.9130034279437
9.477343000900879 -0.8217889117596915 16.90947234906215
9.505847185536085 -0.8226595862597615 16.904705653892375
9.534464760406092 -0.8235881073834014 16.89853758519894
9.562796762656227 -0.8247800669361318 16.891812765359255
9.591178790757974 -0.8264743669839307 16.884514419208553
9.619719010865285 -0.8283752000946956 16.876538286907387
9.6482596766847 -0.8299932346826198 16.867998812863757
9.676713474682455 -0.8315035410354735 16.859147361543826
9.705619149574249 -0.8331499047030587 16.849806415116383
9.734322628163513 -0.8346906625370506 16.83962274134332
9.762465584966021 -0.8363252968505054 16.829194840999122
9.79046619477534 -0.8377702703002853 16.817962183133133
9.818267844550789 -0.8391147815197739 16.806097381282846
9.846009113281763 -0.8404849021152841 16.793457913509254
9.873520953446766 -0.841729885205895 16.77961374966258
9.900341901806668 -0.8427952363186083 16.764948609729565
9.926191173510805 -0.8436082916753614 16.748785455878075
9.95170363533164 -0.8447418089187955 16.73174323826727
9.976621780027378 -0.8460113958115505 16.713432180836623
10.000552927593219 -0.847322318235066 16.694054562757096
10.023832457225677 -0.8481614053660732 16.673385181408584
10.046047510571029 -0.8486667111657211 16.651959744507685
10.067454286358776 -0.8493061683963457 16.62978720444253
10.087408267940903 -0.8498188024507827 16.60743980994694
10.105790202762162 -0.8502551568411462 16.584506988591365
10.123023391110843 -0.8506513474435241 16.56091293775331
10.139078590178702 -0.8509703262662872 16.53687232933975
10.153897103610799 -0.8512332801129558 16.512522342976673
10.167130182082978 -0.8514129137991306 16.488509802115175
10.17961869756321 -0.851433640597735 16.46383776916381
10.191028920592204 -0.8514262647030859 16.439214099514682
10.201247997950555 -0.8515305766882416 16.41509882298789
10.210719414638001 -0.8517276912880271 16.390636121127972
10.219615728831053 -0.852172515094586 16.365822516602698
10.227489005671911 -0.8524741404949084 16.340708831728715
10.234516557560285 -0.8526108066787549 16.314903742009037
10.240816406553037 -0.8527102838078142 16.28890563647024
10.245955914952836 -0.8527636061259994 16.262950009276786
10.250662153355819 -0.8526313508147015 16.236090850801965
10.254129307845064 -0.8521458696374513 16.209499604659417
10.256439360842325 -0.8516929632262018 16.183550409742892
10.25779187939739 -0.8513487765032582 16.157377141436747
10.25804533107922 -0.8510272198450555 16.130686607574756
10.257469129845447 -0.8507132750046018 16.103108996687556
10.256181407882412 -0.850144118495945 16.07539864906778
10.253851861351507 -0.8490595383031629 16.047938446605105
10.250659555885937 -0.8478574889650963 16.02082641474785
10.246378518545272 -0.8466589358502441 15.993786271923701
10.24097656027447 -0.8454266259866801 15.966257127764264
10.234646808164392 -0.8441329496492205 15.938431119063814
10.227521843001144 -0.8427552445616602 15.910651859792877
10.21988488203559 -0.8414120547519301 15.88285164408721
10.211681153471133 -0.8401046461579049 15.855116352580323
10.20307550866217 -0.8387354149705097 15.826760858362109
10.194138197005183 -0.8373104807583771 15.798470708788429
10.184588305762057 -0.8359663544616966 15.76986523985904
10.1743598205083 -0.8349170764379426 15.740805151604592
10.163813789937448 -0.83396465642183 15.711338043868903
10.15260776163979 -0.8330697849339312 15.681421116676711
10.140904987192545 -0.8322681688398309 15.650682276674605
10.128556554808052 -0.8312272928587561 15.619187673898432
10.115867705162746 -0.8299413997507772 15.586990201530432
10.103020503340646 -0.8281724494660992 15.554612523152421
10.08998870028423 -0.8261922089062943 15.522412857090897
10.076727259426171 -0.824702577202232 15.49029261267485
10.063123866584105 -0.8240255647460286 15.45776567263327
10.049105067413674 -0.8234095269625659 15.42441214254063
10.034856848652431 -0.8224998479767663 15.39032247256511
10.02042895211997 -0.8210217706274106 15.355787668712438
10.005991041051528 -0.819103906815788 15.321389260270442
9.991466495134175 -0.8172082366771279 15.28658560091326
9.977021591447878 -0.8152925602943834 15.252054486957226
9.962286045519361 -0.8135820511916304 15.217393514165517
9.947089141050556 -0.8119713737906415 15.181873259173965
9.931802821035628 -0.8102343205631394 15.146159460311956
9.916371174925986 -0.8081145962111084 15.110609169116938
9.900887227375105 -0.8062208281625199 15.075032635677166
9.885364477835912 -0.8045118885986833 15.039213163419454
9.869677363844879 -0.802586929054638 15.00329814304399
9.85404960662572 -0.8007339237556895 14.967293795256136
9.838334885261876 -0.7989245660718446 14.930951729165029
9.822442418330182 -0.7972669743946386 14.894396449625505
9.806303475702212 -0.7945219511971211 14.857876482383213
9.790523415854667 -0.7923671103329577 14.822187257724094
9.77408856549096 -0.790200423175108 14.785444849127
9.757435360936022 -0.7887171106877081 14.74853717674571
9.74041470047631 -0.7862642385753998 14.711133632284456
9.72343063582148 -0.7839425723834057 14.673468555246103
9.706753113774958 -0.781490837985391 14.636041583704266
9.69047570197252 -0.7793396840445639 14.598449946068786
9.674291728435875 -0.7771233087318626 14.561466841239334
9.658355322711012 -0.7750376803595792 14.523877620300077
9.642722109169128 -0.7727922092802096 14.486402839203793
9.627416825585419 -0.7709057737876625 14.449042011766897
9.612489490193447 -0.7696871432462683 14.411191032102744
9.598167923137433 -0.7688138904264172 14.373273289523752
9.583783572030995 -0.7681752484755572 14.335260362300808
9.57019898159922 -0.7676124583569963 14.297198282654552
9.557043715720313 -0.7669931122145923 14.258879879864224
9.544468488954656 -0.7657787945464308 14.220624749210296
9.5328698186043 -0.7642107653362706 14.182427658207686
9.522189540128641 -0.7623604019829112 14.144486884303058
9.51241136728108 -0.7607848423546997 14.106298681719728
9.503124771907238 -0.7595217600144493 14.068211259671234
9.494621874470637 -0.7590992626634355 14.030298646641056
9.486700596908507 -0.7587337911285069 13.992265154234861
9.479551391135347 -0.7582416622983144 13.954019421289589
9.472904038532437 -0.7574402169560223 13.915825071206907
9.46750883669751 -0.756971536163583 13.877403608732996
9.462941175818822 -0.7567010788747608 13.839017326170708
9.458832157236383 -0.7563247111958338 13.80000151829361
9.454890054146237 -0.7556146724225478 13.760764871455484
9.451578224999441 -0.7547829186145723 13.721704782521506
9.448615994878896 -0.7538508031313124 13.682473864470897
9.446206586987467 -0.7532430876234908 13.642821699132648
9.444500552166009 -0.7528976376528341 13.602893933498224
9.443546315515036 -0.7526308053847017 13.563343953948014
9.442720610048735 -0.7518860724752738 13.524314078068674
9.442236262362359 -0.7510401460688712 13.485512248425465
9.442394815631557 -0.7498800540846617 13.447919863645309
9.443132024739848 -0.7489208082001013 13.4102892543887
9.444484898051986 -0.7483104355981369 13.372980644575039
9.446466651138678 -0.7480326218820288 13.335825761258533
9.448881088264647 -0.7477848790725689 13.298440286387239
9.451818653797424 -0.7473664153343892 13.261047473016024
9.455064815962265 -0.747011625053651 13.224030945173885
9.458650245222257 -0.7469460388100185 13.186886553742895
9.46261032359131 -0.7469904389488092 13.149907991029748
9.466975418457784 -0.747346411866011 13.112850052618581
9.471961788455141 -0.7481121681726179 13.075981990556643
9.477186568968689 -0.7487773093038096 13.03967295487036
9.482478140383229 -0.7488589278404901 13.003572673077509
9.48818309937611 -0.7489388921353273 12.9677683591543
9.494444372043144 -0.7491156655794003 12.931563254882606
9.500963440963826 -0.7494720853746218 12.895450329193746
9.507705184213417 -0.749758096022959 12.85880296455433
9.51486565801515 -0.750132029238837 12.822169736881449
9.52220999313326 -0.7505296343205243 12.785009809783103
9.529918205766476 -0.7504118580706876 12.747995063295715
9.537833701281375 -0.7500062969870267 12.710873600492425
9.546190760369083 -0.7493806095996804 12.673772677529383
9.555022769886307 -0.74898165525695 12.636904913346845
9.56412088300243 -0.7488922413717163 12.600514960381021
9.573389141754735 -0.7489611012243588 12.564346105841691
9.582965560200817 -0.7490761836019942 12.528703095014318
9.592826817723534 -0.749077314002326 12.492641464860812
9.603181141558066 -0.7492539317285691 12.457230325230341
9.613522807386902 -0.7496728619806935 12.423051315711763
9.623845903322431 -0.750422443569633 12.390012542434599
9.633773186743774 -0.7516112195342698 12.358669245320783
9.643355615220322 -0.7531290398271638 12.328527789642239
9.652297710343044 -0.7549502603551849 12.299881294449658
9.661001626034798 -0.7568757755130177 12.272934862083233
9.669212681935878 -0.7588515485095962 12.247432551577065
9.677270099546817 -0.7611126529707384 12.22238786862102
9.68516234338476 -0.7641632610931657 12.197100995397708
9.692834590022418 -0.7673202946298799 12.171698248555215
9.700352118369915 -0.7699988151597084 12.14681417329982
9.707309472062361 -0.7722001469539737 12.123168974059618
9.71332145213656 -0.7744196668169118 12.09972520563256
9.718056421512282 -0.7765394403055551 12.07621051727917
9.721729658387506 -0.778530905599795 12.053033513862653
9.724629635985442 -0.7804019719185216 12.030103643961995
9.726507007896709 -0.7820424520590702 12.006604175386746
9.727171694979067 -0.7833709823150801 11.983094548244415
9.726673214686294 -0.7844159596410589 11.959620723974613
9.724946971608889 -0.7850904155267041 11.936174998439581
9.722064824124729 -0.7854954157254641 11.912842835137445
9.718131861164789 -0.7858104360116311 11.889586246867607
9.713380789463129 -0.7859493336659485 11.86710455041385
9.707781607736422 -0.785917119174035 11.845315469454691
9.700720967878782 -0.785621069939481 11.823590920506025
9.692805458160914 -0.7852700072000875 11.80239583188227
9.6840238213961 -0.7847665764448459 11.781447496837448
9.674450345469674 -0.7840849086683589 11.760605095528375
9.663996552741153 -0.7831208880561285 11.740300084415136
9.652288121197477 -0.7818331201220559 11.720379524514138
9.639177380384076 -0.780393975207718 11.700916694818185
9.624866785525818 -0.7787449642451657 11.68165725850341
9.609657035016054 -0.7769725109783976 11.662854128284026
9.59392356830688 -0.7750491330476431 11.644545716514308
9.57727883241958 -0.7731452401713279 11.626281912459573
9.56043041594806 -0.7710367854369904 11.60893899206682
9.542982432145696 -0.7688334165938208 11.591951320911836
9.524642453931028 -0.7665898999153801 11.575079937520776
9.506315464078067 -0.764531937627676 11.558559333603942
9.486919855701847 -0.762683818223274 11.54102894764414
9.467609701997878 -0.7607858713319567 11.524017511051431
9.447515922254416 -0.7588586018756855 11.506587485880571
9.426740770624349 -0.7569236725542124 11.489007203760657
9.40538482983613 -0.7547876420292862 11.47124091919269
9.383352537255693 -0.7528850080203786 11.453100720431408
9.36085816536277 -0.7509490702076479 11.43438452650498
9.337468671070184 -0.7490378713715814 11.415575245482358
9.313462094102784 -0.7471940651994388 11.396387505702771
9.28918724122168 -0.7452642541423886 11.376343460798694
9.264617104549496 -0.7429835899931154 11.355650357717275
9.240139747680225 -0.7406332945874056 11.33476679810785
9.215418932788529 -0.7383231915654846 11.31365040346256
9.190899536272804 -0.7361778564661006 11.29273484602767
9.166145142248645 -0.7339443609615801 11.271583548097858
9.141036356398729 -0.7314674897220794 11.250191123535577
9.11560045540908 -0.7291531547631193 11.228296761078456
9.089836398280344 -0.7267644278447254 11.205893837981998
9.063903882330283 -0.724278740399655 11.183483594935266
9.037494226060645 -0.7213118020728123 11.160505726475058
9.01101455772931 -0.7186019633182353 11.13727191780993
8.98451413210534 -0.715863212069378 11.113870726219044
8.957639050280397 -0.7134461228713258 11.090129909821007
8.930857020998827 -0.7112840471941282 11.066164655328777
8.903958843100757 -0.7095804619412757 11.042114923413397
8.876704467268956 -0.708109444854303 11.017880316193654
8.849286056582459 -0.7064021912290065 10.99364687235709
8.822234253388988 -0.7044111361786938 10.969302678047644
8.794825050410111 -0.7026626287198888 10.944364182186346
8.767580038553893 -0.7007763292391262 10.918964369563037
8.740449031969288 -0.6984126263333839 10.893405066591484
8.713948648925905 -0.6957262541040687 10.867862040743885
8.687626964326453 -0.6932751008815082 10.842245558449175
8.661589086470885 -0.6910251479861528 10.815831181513346
8.635818738121731 -0.6885406246926784 10.788806495254756
8.610461772401278 -0.686214394163423 10.761225993872491
8.585654243490994 -0.684043459341899 10.73265638739327
8.561417883726351 -0.6821781511724638 10.703142782173629
8.53758447173793 -0.6802396008103089 10.673119034916235
8.514258354782811 -0.6782741778150505 10.642348234211799
8.491159973101958 -0.6765628109513476 10.611134635523609
8.468147083998815 -0.6755058695265997 10.578505061722604
8.44508063443182 -0.6742326279898087 10.544961744975943
8.422756521290518 -0.6722042459147055 10.511105917422247
8.40083311781369 -0.6702012865965329 10.477189704719427
8.379566127341018 -0.6685311954352471 10.44268439291911
8.358398259136713 -0.6668333803999617 10.4075991940242
8.33769517151397 -0.6651938574508781 10.372033580334291
8.3176580212203 -0.66369698065957 10.336658024378561
8.2978886554736 -0.6626644502027265 10.30071325282475
8.277746681084183 -0.6620678845301182 10.263490075638794
8.257631780784076 -0.661522180057926 10.22576575439132
8.237395942282077 -0.6602986542963185 10.187112641243273
8.21733611360041 -0.6591452205618293 10.148103185443743
8.19732846227562 -0.6583730626641204 10.108087820227325
8.177308895538134 -0.6572937197925145 10.067327235049564
8.15751216633356 -0.6558237859338768 10.026416401072087
8.137393432134537 -0.6543040205659657 9.985432144866724
8.117063717632803 -0.6530136794213813 9.944017304768847
8.096625040869418 -0.6518646140259375 9.902785599927341
8.076428697165982 -0.6513928721878655 9.861417802445688
8.056562524978398 -0.6507151761656691 9.820622614914805
8.037265500989935 -0.6488521539087573 9.78049625489746
8.018606050555103 -0.6468413955999421 9.740577070414805
8.000021959185945 -0.6457555177082167 9.700480012756662
7.981156724713941 -0.6457821963242739 9.659545356090518
7.96229340177425 -0.6458926196978813 9.617958284940755
7.942783591877593 -0.6456452195749751 9.575515780095294
7.922964891279721 -0.6443449183592064 9.532608823975853
7.902904028783899 -0.6422989310565702 9.489220188761273
7.882762194139702 -0.640355769355063 9.445380717186113
7.862582525319041 -0.6391056665833347 9.401239127368738
7.8428311457982485 -0.6382994624111717 9.357584913279949
7.824005821087156 -0.6372351777541686 9.314738858075831
7.805365846578263 -0.6361488510076393 9.271957189355824
7.7863257095403355 -0.6352359148077243 9.228755503618471
7.767075597263979 -0.63400922525062 9.185090230758169
7.74730416141031 -0.6320538631868092 9.141802992064575
7.72699092141833 -0.62995952369745 9.098825744703518
7.706077248737857 -0.6283558946465406 9.055736659702458
7.684287019204253 -0.6272764818020398 9.012564698368934
7.661770792502749 -0.6263827272284391 8.969510812820259
7.63869698890458 -0.624336582466015 8.92642695503827
7.615497616245928 -0.6220662615154808 8.883904113415793
7.592093230849697 -0.619344208946856 8.84170780707982
7.568586696841577 -0.6173387951174227 8.799464231835127
7.544394637427218 -0.6164312913233222 8.757493101692624
7.519595244204586 -0.6153810822695125 8.714716450300722
7.494095199879146 -0.6139494780759743 8.671900282931611
7.468326658360239 -0.6114302786206134 8.629684351611534
7.442594198761543 -0.6079991960898969 8.587582890351618
7.416891470074305 -0.6048677442650345 8.545860029364903
7.3911007653439835 -0.6029222225660084 8.503817850886778
7.365059301219585 -0.6008245705828439 8.461420017121775
7.338290423076518 -0.5986697005059168 8.41839881325069
7.311432355028161 -0.5963751529604593 8.375768864352246
7.284240149152748 -0.5946578998902718 8.333509104330686
7.256980117660573 -0.5922514275480932 8.291105122522868
7.229672407996735 -0.5893675508407475 8.248842878924094
7.2025642142145525 -0.5862711083880413 8.206745486329249
7.175448606535442 -0.5835492806543332 8.164303552381883
7.148288223911965 -0.5809662246393249 8.121153091570088
7.1209783359501575 -0.57861888639947 8.077886047109866
7.093552393010754 -0.5763410342536571 8.034793137121007
7.066147099492237 -0.5733804195881608 7.991922885094471
7.038784590791986 -0.5700862649395299 7.949033403026654
7.011021592985891 -0.567038690443182 7.906006399567309
6.982879677491292 -0.5643473051739064 7.862420265674604
6.954508495606661 -0.5616811937913012 7.8187065971137475
6.926005381482484 -0.5588217875577262 7.775152393669265
6.89751390213852 -0.5555682764138926 7.732015266192898
6.869286514347943 -0.5520153520131725 7.689438756889547
6.840767148712748 -0.5488431492686892 7.6461349172392925
6.8125378902677705 -0.5459067854202796 7.602711422907614
6.784203590353899 -0.5429618610329863 7.55895403063429
6.75568171616668 -0.5397334423795309 7.5148797749629574
6.727147145718907 -0.536301970669934 7.470859451788641
6.698577134412971 -0.5328635783380147 7.426630857271425
6.6700666640748745 -0.529374790675984 7.382453902967013
6.641285066150466 -0.5263981464482316 7.337844571932956
6.612334734316045 -0.5234213103842806 7.29290256550162
6.583541158375723 -0.5205292078253978 7.247946584209219
6.554250887118535 -0.517402013512276 7.202518338224763
6.524758534252755 -0.514127820669288 7.156808740698943
6.49526154183936 -0.5105977588717596 7.111392806098219
6.466647086984852 -0.5072229154395209 7.066871546389739
6.437570333988927 -0.5044573581769767 7.021785023561968
6.4082690044545 -0.5017503521565521 6.975958296767883
6.3795215162074195 -0.49905053345957073 6.93062044793508
6.350362113176345 -0.4965962113271684 6.884725831985252
6.32096701944382 -0.49406341713088625 6.839085993179003
6.2914204739391 -0.49048988138158767 6.793760647499397
6.262310837901789 -0.4868482209203932 6.749189304884617
6.2331731704574755 -0.48371254314444556 6.7047625896769265
6.203913219697306 -0.4806959781792103 6.660377259564535
6.174827188853144 -0.4782753480371881 6.61633428401673
6.145836208802206 -0.47618776429987153 6.572853995661974
6.117034420917455 -0.4735435194319708 6.529806584899336
6.088295423251574 -0.4704762188092567 6.4870895109605184
6.0599672746976845 -0.4677367641933883 6.44513331472733
6.03167319480857 -0.4653429002966117 6.403344694859268
6.0032007772619504 -0.4625326844237861 6.36155956526085
5.9749143437406715 -0.45921523171640705 6.32034482164251
5.946691647053877 -0.4558102166589952 6.279158770561164
5.918811415286822 -0.4528343553411296 6.238164419015995
5.891009964839495 -0.44979194721083593 6.197666041563108
5.8629749699809945 -0.44693106758030793 6.156602826299433
5.834824484244199 -0.44417895988565437 6.115185009502386
5.807058573426674 -0.4414634776404871 6.0738190510437455
5.779414311664456 -0.4381459820246016 6.032323973826646
5.752248123344299 -0.4342754059725857 5.9910140767625
5.725396483049477 -0.43081581346084674 5.949735250190407
5.6983418223180635 -0.42846559370199316 5.908381805958624
5.67122943911691 -0.4266820228014517 5.866935951086
5.643996988403103 -0.4244296490332784 5.824951755534763
5.61676775301642 -0.42199800189107456 5.782539604145339
5.589531907291637 -0.4191557781015394 5.74017204618562
5.562174272179572 -0.4166128592549512 5.697446157856658
5.535072054938066 -0.4138677419415218 5.6548194964518155
5.508666185598979 -0.4108507059877842 5.612323147475552
5.482646059137296 -0.40814270164877503 5.569765956225981
5.456827270422209 -0.4055895428213985 5.526812653241692
5.431863260471058 -0.4021074882959374 5.483669909023885
5.407438324015685 -0.3994809242517685 5.4404713783380885
5.382662897870469 -0.3973943058719779 5.396445641265363
5.358011924182093 -0.3951058350863436 5.351893267820379
5.333229220984586 -0.3928787460252851 5.3062864097613085
5.308136329873016 -0.3910342600771909 5.260108220682932
5.284053160161784 -0.38768070435911084 5.213162799361056
5.26059475954786 -0.3847422628187445 5.166945557954641
5.237215695222336 -0.38231368268564714 5.120598432441717
5.214481481383333 -0.38064252053175085 5.074247433774142
5.191822834706811 -0.378675842090774 5.0277084815826925
5.169304432310708 -0.37683450908795646 4.980614601480216
5.147250356493297 -0.37406057202242654 4.93382592939464
5.125584424715889 -0.371321406366639 4.88711729569681
5.103806034848322 -0.36917740677781985 4.8396605558742305
5.082096212341119 -0.36749110770819604 4.792151118495977
5.060542614479535 -0.36578023752110883 4.744327037473782
5.039148645960039 -0.3639870919991818 4.696636894049141
5.01772126815103 -0.3620571501428391 4.648870203725848
4.996690322400116 -0.359931098055266 4.601478590832783
4.975660140138234 -0.3581612301748306 4.554456403509497
4.954698480826135 -0.35621807232206265 4.507426626019583
4.934063871296775 -0.354219538632015 4.460751166166927
4.9141292988287235 -0.35204323305715357 4.413756749798629
4.894409756547163 -0.35099844575852457 4.366847902292119
4.874650117272534 -0.3504533492211294 4.319429590550952
4.8547689606986575 -0.3491761803421028 4.271687556609042
4.83471963532529 -0.3475178240901878 4.22382344927379
4.814757900043345 -0.345811954175731 4.1761021542662835
4.79488389256892 -0.34422343133899974 4.128608542978639
4.775222389687165 -0.34219952107782853 4.081434834546613
4.75590299594791 -0.3400354296696646 4.034994684183999
4.736869659748981 -0.33833236708128445 3.988762991559071
4.718013381275122 -0.3367938451473007 3.9425519136087313
4.6989191908363726 -0.33558304598066563 3.8962844097415923
4.679885544679618 -0.3342547007774161 3.8498006759556027
4.660613057187388 -0.33267088957589563 3.803382359076119
4.641444938788718 -0.33147686681545674 3.756901496303773
4.622293939997746 -0.330095590685376 3.710036866371195
4.603195474012236 -0.3282357435061167 3.6628930988683006
4.584175277203116 -0.32640338531560714 3.6158030369350307
4.565086599165276 -0.3249558823759674 3.5689014524268945
4.546426832858923 -0.32390368003572695 3.5211910897739647
4.528108310367348 -0.3227653228197195 3.4737405625314146
4.510402621211664 -0.3219775940934376 3.4270879204346887
4.492558583139972 -0.32145294017607356 3.3807925911496235
4.474205025831599 -0.3209483386199433 3.3339920777932353
4.455359088981263 -0.3201383343072232 3.2869216197094557
4.435993721591329 -0.31909606484883646 3.23935627839876
4.4161839833693275 -0.3175583265157014 3.191573175716297
4.3962133038174445 -0.31537843520998904 3.1442382662148116
4.375675737654858 -0.3131455036240654 3.096882979496046
4.354329638420676 -0.31133175544888564 3.0493038338847156
4.33239857012448 -0.3096455411269473 3.0022420162176937
4.309583825131281 -0.30770907850836965 2.955204151779084
4.28620432887981 -0.3059099366044539 2.90827899566805
4.262240468599354 -0.3037860209933802 2.861684742977716
4.2375764608836 -0.30171758864132897 2.8150423830284783
4.212168917701887 -0.2993194010491605 2.769036751760464
4.186470868313612 -0.2971325011798371 2.7240707109474718
4.160262979796904 -0.2949961389246125 2.6802238622692833
4.133794731968259 -0.2931986497660753 2.6365926183083372
4.106320718077337 -0.2909536367299635 2.5925899602217934
4.078234389081645 -0.28820281307727497 2.548317765239439
4.049575268106499 -0.28494547416799937 2.504147137671142
4.0201258946264256 -0.28169085691483936 2.459884184213536
3.9900402446736836 -0.2788361026872463 2.41554585704375
3.9592221677708674 -0.2757902758355526 2.3715256461611194
3.928064946725045 -0.27328575505619923 2.328204961940293
3.89703862955825 -0.27067600837280764 2.284623394050335
3.866508858307378 -0.2675181816208014 2.2422778547276505
3.8365712910797694 -0.264968931065305 2.200651464226632
3.8066777116203 -0.2623809447192633 2.159063566686395
3.775711952415116 -0.2598614580629914 2.11731171662182
3.7443744343879475 -0.25777294186891514 2.0757047205696195
3.7127169007958982 -0.2553440010989886 2.034036309337526
3.6801159099338445 -0.2520160845096315 1.9914398740598998
3.6472721760915623 -0.2485140629486471 1.9486237662993071
3.6136855874726654 -0.24601178560070142 1.9057084513968527
3.5794087316108114 -0.24323747299771975 1.8624104971976139
3.5448241530613465 -0.23943673765995702 1.8191699103710004
3.5103458046957625 -0.2355523083040215 1.7763286034960666
3.4758437829956366 -0.23172652029592514 1.734300209856144
3.4411850216474327 -0.22792230109529618 1.692987792897814
3.405725379895568 -0.22452590858281127 1.651575304953176
3.369548113881676 -0.22109881415692165 1.6099623378226748
3.33306039530297 -0.21789564662557015 1.5683750771249574
3.2968371434769503 -0.21449901236402527 1.5274455083811638
3.259933381718303 -0.2107760169223 1.4865609369909132
3.222503710920899 -0.20722032404218668 1.4455322069063152
3.1849496112083147 -0.2033286963971988 1.404553017660967
3.1470270823954096 -0.19922152241325156 1.3629996722382687
3.1099517378665418 -0.19444297044173772 1.3219223044264323
3.075315019170734 -0.1902072771840818 1.2828031094366412
3.040897108236482 -0.1867423638597878 1.244149545841389
3.0059888165308264 -0.18431908465408578 1.2048663458933815
2.970646561476428 -0.18185926290545645 1.1652838841023645
2.93544377161411 -0.17915940585478493 1.1256981684874743
2.899386292618831 -0.1760500108031564 1.0846618437587978
2.862862789820704 -0.172281472699251 1.0426484360744712
2.826404762070701 -0.1687659185103141 1.0010449313320522
2.79010416934553 -0.16571756152592776 0.9597657556089585
2.7531710642753726 -0.16268915083858215 0.9177565513665334
2.7161948453454987 -0.15982513989708533 0.8759537206384644
2.679314567697862 -0.1567345722677274 0.834020088359392
2.6426773958297076 -0.15312243925336427 0.7920734166603899
2.6065477978307845 -0.14940038820991264 0.7507179688742767
2.57020288947891 -0.14613032761608477 0.7095648264461011
2.5339721615652313 -0.1433587302191772 0.6688801312395742
2.4977054861652754 -0.14020518548418737 0.6282771336606042
2.4612106908742097 -0.13665100215586298 0.5876383695674059
2.4243880253685095 -0.13362846197826486 0.5470287502797965
2.387577564498799 -0.1303885379435785 0.5064828102684268
2.3508713645472814 -0.12611688259176662 0.4663185374713876
2.3141979530551695 -0.1217532828999213 0.4265145441146173
2.2777345858594105 -0.1182142945751177 0.38729982558200027
2.240988688621717 -0.11521504022553263 0.34792415558489675
2.2042342727292192 -0.11188185166607448 0.3082742603090288
2.16689573485961 -0.10819170492031854 0.2678672098342413
2.1293252119218016 -0.10436702422205217 0.227356904257478
2.0914207840082426 -0.10080629959120214 0.18690706658948472
2.0530503615986753 -0.09699928436771621 0.1462309571035996
2.015713773927576 -0.0918094169321599 0.1064908338244651
1.979277432940607 -0.08682720983236036 0.06753091875441328
1.9424970163305377 -0.08377474681620987 0.028264315841875567
1.9051900604893979 -0.08137086664013864 -0.011424252782500414
1.867305200351366 -0.07814189907270627 -0.05163379688717633
1.8291736297235863 -0.07418404780902385 -0.09208438379830804
1.791349703043551 -0.07042417884138996 -0.1322722383291049
1.753064783558468 -0.06679123775243687 -0.17319771581595092
1.7146986453962751 -0.06324121621126198 -0.2141717324867533
1.6766342327766222 -0.05954251887737605 -0.25456297924433896
1.639039347621699 -0.05609415141414898 -0.2944716992880773
1.6007257087462066 -0.0531442169733284 -0.3350421726176944
1.5627210869710464 -0.04991474565116353 -0.3758464934785791
1.5249073568093452 -0.046398957853130744 -0.41667538421552774
1.4870075758469246 -0.04327784455501027 -0.45737528057560844
1.4494738743239828 -0.040358252783689555 -0.4976542327179957
1.4121615686983717 -0.0367718179187864 -0.537572294806666
1.3747532718187399 -0.03292893728794391 -0.5775784587712366
1.3371916734041962 -0.02904689220579919 -0.6179938130435174
1.2993999116877737 -0.025372797942881248 -0.6588036815376617
1.2622790726442852 -0.022144457919329404 -0.6992352958656395
1.2247595069718598 -0.019271654947164745 -0.7399027175812192
1.1874900364630212 -0.016494596297512713 -0.7802778787354219
1.1505801249041163 -0.013365525314153047 -0.820128309240011
1.1134162148188884 -0.010343661847331171 -0.8598553095586928
1.0761839836278468 -0.006992947115706221 -0.9001603392965537
1.0395461317155514 -0.0032605040964613714 -0.9399571047857661
1.0038826209295235 -0.00020735771167549504 -0.9791324945861984
0.9677217308351044 0.001986389493801135 -1.0185814811383136
0.9311707560387172 0.004447179343324803 -1.058440329235399
0.8947940482277433 0.008327273131004566 -1.098147793528849
0.8582612007183681 0.011822212572187912 -1.1383196577661678
0.8220889567400179 0.014239594465298412 -1.1787820631820294
0.7855388054174216 0.017078972581252152 -1.2194410397390258
0.7491081215617665 0.020608340938628764 -1.2599659644532737
0.7132451000802149 0.023947175479986205 -1.2996609510687904
0.6778204934945143 0.027056335330004306 -1.3389011010875975
0.6423967261643014 0.0293187033543835 -1.3780009485021112
0.606979925181754 0.03163307224986064 -1.4169557269733277
0.5720815774763046 0.03433018386099872 -1.4553266796696143
0.5372132962004689 0.037006249055710275 -1.493617937757635
0.5030092051121712 0.040096647958821854 -1.5312078388483348
0.4689091223441485 0.04260945612865551 -1.5689186718864827
0.43512503654585677 0.044871583065920116 -1.6063461949351836
0.401958133858176 0.04692375098357095 -1.6434693770531459
0.3688512484827657 0.04870903118720413 -1.679976372069369
0.3356658102269514 0.05110009510685027 -1.7168348946917176
0.30234114629724024 0.053655333154237296 -1.7539718141157055
0.2691661267503716 0.05594584809157329 -1.7912801659780087
0.23565377307401159 0.05764283291476564 -1.8289738058635476
0.20240024612312452 0.0597134558272342 -1.8666578141044672
0.1696666286667317 0.062069456396422806 -1.9038918442650925
0.13745548717154543 0.06402004012235654 -1.9405775005783235
0.10522938173082633 0.06542916426251691 -1.9771976395929844
0.07261292348648626 0.0661368526232331 -2.013796601699291
0.03975188189029963 0.06655110471886734 -2.0503657746192685
0.006771053345030656 0.06726079016704042 -2.0866573966978845
-0.026928785062091662 0.06810290613268237 -2.1236599928552655
-0.060190170630125564 0.0703270347590774 -2.1601569195191765
-0.09306700844039142 0.07209573178054898 -2.196037041189615
-0.12621048687312975 0.07259969664644243 -2.2322343079371545
-0.1597456160558456 0.07228811405316728 -2.269334068438295
-0.19289757049626893 0.07222254884718245 -2.306971454126889
-0.22516447352444496 0.0723996191659229 -2.3445747176469616
-0.2574266549690169 0.07277524059980506 -2.3827658192644092
-0.2893027728470784 0.07388418575437246 -2.420772180865843
-0.3205607248525492 0.0754799714051455 -2.45820277109163
-0.3510832908295255 0.07679354885126195 -2.4945912461652875
-0.3805845152065412 0.07710015506153921 -2.5302307450354298
-0.40939935376865527 0.07671127986516198 -2.565692832442242
-0.4372763193803109 0.07679673866500815 -2.600538884504853
-0.4642554525293314 0.07684746108929937 -2.6349812385128106
-0.4908993521884262 0.075766513078545 -2.66883701870588
-0.5173627251774364 0.07467305654427335 -2.702220364365105
-0.5439089721592419 0.0745805988484242 -2.7355230765506944
-0.568464904124908 0.07515740973629996 -2.767078085168895
-0.5921046111784162 0.0749825880132013 -2.7978270933093645
-0.6150523789251724 0.07354210037376831 -2.8285256332910222
-0.6377893911193613 0.07204120470536213 -2.858992676894913
-0.6596347547409731 0.07102672210903194 -2.8878648121014656
-0.6807571896782567 0.07054032967248898 -2.914381966446778
-0.7013254603170614 0.07005321196123242 -2.9392180327344253
-0.7212845221971341 0.06932152630235823 -2.9625376048538437
-0.7409894718169551 0.06864699319435996 -2.983871379609931
-0.7606242436551379 0.06792990812362273 -3.0038562813196994
-0.7799194503788444 0.0670018252675163 -3.0222993812023753
-0.7994773910357776 0.06606154899792603 -3.0392148619821633
-0.8191662769148568 0.0653622040569526 -3.054255846427664
-0.8386604775105166 0.06479114068677569 -3.0675814806503205
-0.8576381754707444 0.0642630800437849 -3.079495510709904
-0.8759750954717499 0.06382161597164304 -3.089552494120055
-0.8944217931480656 0.06337545249366038 -3.098415001003122
-0.9128399279150557 0.06315475953245898 -3.105990020594712
-0.9315394519859854 0.06304316655158948 -3.112454019387146
-0.9503387942558428 0.06300926561528963 -3.1178952292278956
-0.9695936928433622 0.06295867173263014 -3.122495666757055
-0.9894241899507271 0.06309130858629682 -3.125992138216475
-1.0086426855522055 0.06325152809268685 -3.1280947120765616
-1.0281786224673923 0.06363500090721802 -3.128937089322605
-1.047427750145764 0.06415685539013426 -3.1286295772943884
-1.0670122264820052 0.06482425404238522 -3.1273299001554915
-1.086392233696567 0.0655757827784039 -3.1250275404000045
-1.1051405948421675 0.06639439142622622 -3.121772055237714
-1.123923248373617 0.06730557515155838 -3.117284238889548
-1.1426927648978795 0.06834420417124869 -3.1117132851417497
-1.1611846877322243 0.06934052837400762 -3.1050962330261895
-1.179055272437082 0.0702787965627767 -3.097722265066247
-1.1964015242739137 0.07131091521024582 -3.0895071570788097
-1.2135634962208521 0.07233722478088592 -3.0798959982885763
-1.2306329567397551 0.0732894214367511 -3.0690533174305554
-1.2471533237433667 0.0741746947949361 -3.057097111240754
-1.2627105713653575 0.07518415476429463 -3.044173443053471
-1.2776983773622397 0.07614323795197693 -3.0304007355635343
-1.2924813448912007 0.07717653846346842 -3.015296484760806
-1.30682981247162 0.07828450583897988 -2.999316979078773
-1.3202711345051839 0.07950407714164587 -2.9825680898705773
-1.3328205090570235 0.08070422899230181 -2.9647829271829944
-1.3447227953214937 0.08198581026167753 -2.945624894608843
-1.3558365868609905 0.08320451255448505 -2.925715239653962
-1.3657011218787825 0.08432113198139195 -2.905486382369345
-1.3747891486916008 0.08546444299229909 -2.884395691878327
-1.3831222890158086 0.08656053551180816 -2.862806558266031
-1.3908403953603943 0.08753785770797098 -2.8405816595126474
-1.3979108410614824 0.08845538213807018 -2.8177032934868222
-1.404435661603528 0.08931069000954889 -2.7943215089632973
-1.4101957334860176 0.0902695108160594 -2.7706899547720116
-1.4153465569272057 0.091171014514641 -2.7468150227315573
-1.4199859512170012 0.09181536038405312 -2.7232764693066596
-1.424244515703428 0.09233768512299799 -2.6996840194289953
-1.4281654425450596 0.0927016219994654 -2.675644290882486
-1.4318989788586103 0.09292851261268804 -2.6512578116244288
-1.4355791774883935 0.0929835568411924 -2.626583331933704
-1.4391278671140781 0.09313911506723802 -2.6018366989988557
-1.4425237962638826 0.09318921486497514 -2.5766271168591564
-1.4459723020747237 0.09323340601176731 -2.5508065348558717
-1.4498376959714983 0.09335813287320471 -2.5244870499702072
-1.453909352423475 0.09372719100152185 -2.4977263382380324
-1.4578319321938402 0.09448109976242436 -2.4704776325478632
-1.4616765231404363 0.09494951640865701 -2.442828651858474
-1.4656335159754015 0.09539792580830561 -2.4148810651339003
-1.469857345726911 0.09572425753849949 -2.3868506556071054
-1.4739620261543775 0.09644922124262552 -2.3582781863581266
-1.4779793583010803 0.09717813194064337 -2.3295868645129856
-1.4820164621972949 0.0977693380628238 -2.30046130300795
-1.486019485826227 0.09828211634476966 -2.270580272206899
-1.4900018550353658 0.09874444850122749 -2.240342139115722
-1.4941038193743705 0.09940204560599447 -2.209718822643683
-1.498102157237464 0.10031257837059378 -2.1790824951401224
-1.5015792607720735 0.1013116575883932 -2.1490044421521994
-1.5051950470891735 0.10209164134720565 -2.119345769168303
-1.5086904863294084 0.10266492022431187 -2.0899083890701164
-1.5120287604730982 0.10326249642008893 -2.0602676039342946
-1.515584925452314 0.10397466652046199 -2.030665062406242
-1.5189917803087674 0.1051386633066806 -2.001187030272855
-1.5224031463631915 0.10653133292720332 -1.9718003981427736
-1.52599578210149 0.10810697002015639 -1.9438099756732556
-1.5297556895109574 0.10948324198057038 -1.9171037731395566
-1.5339840541578502 0.11064775645154189 -1.890778810279021
-1.5380421512657596 0.1113691398693327 -1.8644136183666682
-1.541950879443848 0.11213314788118922 -1.8379218630984273
-1.546121912945831 0.11302600303817599 -1.8106988802665367
-1.5506525554821826 0.11442469168613194 -1.7839065177435725
-1.5552933568255431 0.11603284642710367 -1.7580234790362854
-1.5602388905882247 0.11739038555121155 -1.7317921007304795
-1.5650987613687204 0.11857975701385375 -1.7051936232144491
-1.5700239873308446 0.11973612805262313 -1.6783134376308608
-1.575457751018688 0.12121541669782304 -1.6512476048113158
-1.5812098918483608 0.1235385952213096 -1.6247737561761197
-1.587270154645607 0.12581020450070532 -1.5986862327125821
-1.5936187932092114 0.12773839965094946 -1.5723037739856516
-1.6006531858609454 0.1294480893801532 -1.5452771747148695
-1.6081614810620823 0.13094695737891313 -1.5174012497161358
-1.6159975268596092 0.1325520683781436 -1.4889727707320446
-1.6242890135304522 0.13464083503402585 -1.4600119733768442
-1.633099845857963 0.13714666149395416 -1.4308961585043187
-1.6421559872898657 0.13995173619557646 -1.4017723231913695
-1.6513681258643302 0.1425523287479571 -1.3724028025890114
