0.0 0.0 0.0
0.000801143034453 -0.000538666735739 0.0104804750605
0.0013751404247 -0.000931710143753 0.021527931455
0.00185604944758 -0.00127315333978 0.0328695605602
0.00199406559581 -0.00157401873492 0.0440758800746
0.00178760288364 -0.00184678174615 0.0556494708372
0.00112531122686 -0.00219125932808 0.0676370574338
-0.000342647479681 -0.00260158657261 0.0799878933832
-0.00259761633654 -0.00295457687377 0.0928992104459
-0.00509583726959 -0.00324700013261 0.106137619201
-0.00771700420959 -0.00354863990607 0.120043517086
-0.010505146223 -0.0040338754787 0.13456972802
-0.0136185212844 -0.00462417061621 0.149745037204
-0.0174060204831 -0.00513697648019 0.165511893651
-0.0213472265372 -0.00574795130746 0.181846055761
-0.0253804421066 -0.00636715938525 0.199153848068
-0.0294492989392 -0.00695041852679 0.21729394771
-0.0335251540532 -0.00737043920965 0.235600987851
-0.0382737875573 -0.00790728968599 0.254620662042
-0.043263915362 -0.00860196285308 0.274203622953
-0.0486491288272 -0.00906716370679 0.29436241273
-0.0541423493992 -0.00971434309443 0.315843005401
-0.0596279349931 -0.0105856207676 0.338001137558
-0.0658786875608 -0.0113113462873 0.360333611239
-0.0730531798643 -0.0118239347412 0.382752912334
-0.080183511786 -0.012679849523 0.405683496392
-0.088108412482 -0.0137678125338 0.431046987929
-0.0962563014472 -0.0148967087421 0.455527639605
-0.104510364047 -0.0161439882371 0.480269176329
-0.113363227165 -0.0174154412064 0.505683421695
-0.122485476106 -0.0186477575788 0.531439291807
-0.132216494879 -0.0199121164083 0.557862334557
-0.142241485665 -0.0213348960001 0.584482119726
-0.152254981144 -0.0229125237182 0.610205835145
-0.162511835467 -0.0248123190057 0.636075803828
-0.172680101389 -0.0270141916181 0.661570904959
-0.183066259131 -0.0294944718099 0.687045884973
-0.193539101107 -0.032280419062 0.712499660924
-0.204116506568 -0.0352466194354 0.737573078227
-0.215014161597 -0.038580426937 0.762754668178
-0.225897686968 -0.042352596434 0.787891047864
-0.237275498624 -0.0464961529793 0.813265404472
-0.248623784452 -0.0506922825461 0.838621547435
-0.260475702868 -0.0549153551562 0.864195077255
-0.272571126754 -0.0591791566932 0.889386351316
-0.285206493117 -0.0635090514877 0.914941160806
-0.298348851327 -0.0677561768795 0.940783938436
-0.311941733182 -0.0718722026837 0.966920167361
-0.325965225466 -0.0755687907764 0.993461085624
-0.340201170542 -0.0790434383521 1.02011003767
-0.354757242186 -0.082639695624 1.04683912101
-0.369841598068 -0.0863814185385 1.07365470484
-0.38494756766 -0.0900818412452 1.10062067013
-0.400700818878 -0.0940178447384 1.12791125339
-0.417187782426 -0.0979054533382 1.15560922005
-0.434288416929 -0.101638058643 1.1839822071
-0.451857792186 -0.105033206748 1.21281903237
-0.469910832832 -0.108224087856 1.24176203056
-0.488703910005 -0.11155418765 1.27113355455
-0.508041948384 -0.11469187859 1.30106521504
-0.528039618533 -0.117629255035 1.33133111953
-0.548534818885 -0.120305981069 1.36185259821
-0.569573151811 -0.123213637338 1.39257197372
-0.590453350538 -0.126492004188 1.42314532601
-0.611157698948 -0.129808865213 1.4532848346
-0.632169058241 -0.132901059075 1.48405112756
-0.653122829986 -0.135651836389 1.51497218421
-0.674036465431 -0.138519869289 1.54569809154
-0.69522585978 -0.141893019162 1.5764445839
-0.716746547534 -0.145546534906 1.60727615058
-0.738469640041 -0.148992041099 1.63816618205
-0.760801756839 -0.15197285275 1.66901687582
-0.783479070084 -0.154010242123 1.69972113856
-0.806072876962 -0.155931149992 1.72929792137
-0.829468094574 -0.158646372231 1.75900277601
-0.853701702151 -0.162037391238 1.78866278408
-0.87851999727 -0.165284757148 1.81850356874
-0.903674566652 -0.167302701391 1.84863485461
-0.928665549415 -0.168941922993 1.87805174348
-0.95328006372 -0.17048805568 1.90623129154
-0.977619188915 -0.172989727164 1.93427626934
-1.00273815461 -0.176589599952 1.96252968111
-1.02854469548 -0.180241286211 1.99096977245
-1.05469560285 -0.183350160825 2.01981643357
-1.08103960284 -0.185593321046 2.04842867648
-1.10703515554 -0.187615068258 2.07641178432
-1.13301422679 -0.189667963044 2.10414877236
-1.15980404271 -0.192173947589 2.1319756173
-1.18706959124 -0.194996309225 2.15973159182
-1.21477317434 -0.197709424224 2.18733936379
-1.2428659476 -0.200078169997 2.21517068387
-1.27095210657 -0.202564519965 2.24244862624
-1.29966135032 -0.205147067135 2.26974520527
-1.32856220541 -0.207741497576 2.29658721997
-1.35760514048 -0.210306019887 2.32293359572
-1.38599405 -0.213030944433 2.34824438783
-1.41523801508 -0.216076973506 2.37363583164
-1.444937869 -0.218890609283 2.39883663884
-1.47462549373 -0.221413896563 2.42366111488
-1.50443726188 -0.223706788174 2.44777182646
-1.53439261836 -0.226499471478 2.47164365427
-1.56515567885 -0.22932594249 2.49543524938
-1.59623182819 -0.232011476425 2.51931275657
-1.62731600454 -0.234474040746 2.54307560785
-1.65870958115 -0.236746104742 2.56654959211
-1.69000772753 -0.239150211809 2.58985105011
-1.72161738235 -0.242071190237 2.61277354487
-1.75384025171 -0.245458588484 2.63580822101
-1.78642933652 -0.248667520031 2.65882338013
-1.81917975195 -0.251643299053 2.68168838611
-1.85215169602 -0.254645543773 2.70443566573
-1.88570642247 -0.257710264443 2.72723353217
-1.91965684791 -0.260811031442 2.74984946147
-1.9536549751 -0.263630643944 2.7723676542
-1.98707128031 -0.266107690506 2.79399855098
-2.02069531959 -0.269070779687 2.8155230298
-2.05489735374 -0.272401242252 2.83698180058
-2.08943298171 -0.275618416022 2.85789159001
-2.12444410745 -0.279297308927 2.87818730486
-2.16019152251 -0.283094424857 2.8979538907
-2.19657683343 -0.286234813963 2.91726820863
-2.23339056322 -0.288986696601 2.93619790023
-2.27020618295 -0.291777603567 2.9547229405
-2.30739304724 -0.294795599575 2.97284983645
-2.34497057922 -0.298462888531 2.99062841958
-2.38293667959 -0.301975584868 3.00782962921
-2.42186877325 -0.305249638285 3.02460984784
-2.46115382822 -0.308431855206 3.04085091474
-2.50073321019 -0.311697954661 3.05640658121
-2.54024911687 -0.314886492112 3.07166372283
-2.5797215063 -0.318402858511 3.08641307799
-2.61966231025 -0.322422799871 3.10092230097
-2.66075343799 -0.326407887318 3.11562181045
-2.70266040313 -0.329765389929 3.13021138739
-2.7444910759 -0.332736318107 3.14446203786
-2.78643314606 -0.335878238473 3.15844456145
-2.82844066308 -0.339127906992 3.1718676586
-2.86972727476 -0.342338795037 3.18489321062
-2.91110301698 -0.346417984653 3.19775735295
-2.95271437404 -0.351121653671 3.21026110812
-2.99464742912 -0.355589881584 3.22266561193
-3.03666770656 -0.359464738956 3.23488471152
-3.07863943588 -0.36315587381 3.24699351033
-3.12061112281 -0.36697801186 3.25888926118
-3.16269965254 -0.370632785802 3.27037626475
-3.20456351715 -0.373825300743 3.28189185998
-3.24605176403 -0.377070726556 3.29310350934
-3.2883177956 -0.380563244467 3.30459174083
-3.33020505344 -0.383881699626 3.3156555084
-3.37174041428 -0.386614080633 3.32677708979
-3.41309225363 -0.389354253751 3.33740083936
-3.45431456536 -0.392001871907 3.34771188551
-3.49460798163 -0.394816140136 3.35779350758
-3.53475163793 -0.397790832988 3.36745864165
-3.57432527792 -0.400582938358 3.37703075099
-3.6133494177 -0.403461676167 3.38676169987
-3.6520064578 -0.406486908199 3.39691843833
-3.69064308272 -0.409720352902 3.40740160507
-3.72940184932 -0.412896015691 3.41832410624
-3.76792337283 -0.415961728477 3.42977778085
-3.8063786483 -0.41892498087 3.44170777132
-3.84448947207 -0.421696934651 3.45412214208
-3.88237404662 -0.424422193264 3.46699512038
-3.92018145591 -0.42736060689 3.48021944194
-3.95745396951 -0.430816935556 3.49415747859
-3.99452813262 -0.434505270283 3.50886778011
-4.03163638642 -0.43812266841 3.52401014854
-4.06863247526 -0.44147092374 3.53970287486
-4.10510965055 -0.44469164423 3.55584223386
-4.14081444034 -0.447804288569 3.57241568375
-4.1757621017 -0.45100523946 3.58954911623
-4.20999862173 -0.454287372558 3.60658065556
-4.24383401384 -0.457720069097 3.62386436339
-4.2771074925 -0.461218287499 3.64185804952
-4.30960599433 -0.464297561601 3.65969282524
-4.34151644484 -0.467037662376 3.67769606124
-4.37252916465 -0.469889193864 3.69554532494
-4.40225566206 -0.47294814619 3.71349095224
-4.43084102375 -0.476063675855 3.73129243786
-4.45932398167 -0.479179149717 3.74946277607
-4.48748884823 -0.482070695777 3.767692717
-4.51508201409 -0.48483229125 3.78574288297
-4.54222383488 -0.487687825795 3.80400767944
-4.56853795774 -0.49057995263 3.82228072639
-4.59440217894 -0.49332075642 3.84069784151
-4.61962345691 -0.495837457613 3.85907003112
-4.64413627558 -0.498156961607 3.8773993456
-4.66810337442 -0.500564549459 3.89567721156
-4.69143255813 -0.503020969876 3.91431676155
-4.7146935984 -0.505463003594 3.93337245453
-4.73704038375 -0.507494358372 3.95253172995
-4.75826669983 -0.509236447053 3.97151513638
-4.7788040732 -0.510812698704 3.99079443297
-4.79865814357 -0.512678663786 4.01020559844
-4.81816079293 -0.514701341854 4.02993465127
-4.83688721145 -0.516668862032 4.04945957644
-4.85570369925 -0.518546705129 4.06987940511
-4.87401115121 -0.520311654648 4.09046361172
-4.89240766682 -0.521979437993 4.11161363022
-4.91051054453 -0.523565124462 4.13298692518
-4.92810829144 -0.525023584039 4.15413006605
-4.94525236709 -0.526469271035 4.17520316336
-4.96242423266 -0.528001364179 4.19689290327
-4.97920777192 -0.529440193645 4.21882095524
-4.995752656 -0.530791081093 4.2412316859
-5.011998162 -0.532073539959 4.26396277087
-5.02827933628 -0.533427009336 4.28687998666
-5.04441520449 -0.534916578943 4.30985585042
-5.06039438795 -0.536633237033 4.33327957231
-5.07650230733 -0.53831068561 4.35712946567
-5.09264346299 -0.53968514658 4.38146850936
-5.10894677635 -0.540933081807 4.40644132433
-5.12502162995 -0.542071130154 4.43180550393
-5.14090406474 -0.543161856664 4.45753714545
-5.15690742402 -0.543980331972 4.48429330379
-5.17293850036 -0.544572152871 4.51153564098
-5.18874231562 -0.544949479767 4.53925114784
-5.20407462959 -0.545208446203 4.56750709498
-5.21914805783 -0.545353198394 4.596257218
-5.2338557012 -0.545511880078 4.62549277449
-5.24835973368 -0.545947701424 4.65516806212
-5.26234431023 -0.546687458618 4.6854954472
-5.27557054312 -0.547517069452 4.71645916307
-5.28815569202 -0.548022272921 4.74788358608
-5.29985544779 -0.548322694959 4.7796361174
-5.31058356887 -0.548687322804 4.81146299045
-5.32037389161 -0.549083636999 4.84337159212
-5.32951514634 -0.549501477787 4.87548914976
-5.33785015127 -0.549761234096 4.9079610905
-5.34555227256 -0.549824264675 4.94110420033
-5.35256919366 -0.549472885001 4.97432689402
-5.35868645866 -0.548919875706 5.00748853364
-5.36409414187 -0.548542369967 5.04128994482
-5.36862665707 -0.548373012037 5.07590564004
-5.37266244121 -0.548074366667 5.11135177508
-5.37594639197 -0.547624271069 5.14718250804
-5.37851114846 -0.547086550566 5.18286851772
-5.3802301615 -0.54652091574 5.21896105996
-5.38133925727 -0.545835398028 5.2555079642
-5.38161504615 -0.545067137079 5.29294768844
-5.38116196528 -0.544128041738 5.33098081012
-5.38019374198 -0.543244048111 5.3695623271
-5.37811692243 -0.542626083416 5.40858131977
-5.37540953421 -0.541842967371 5.44804548031
-5.37193253716 -0.54104447695 5.48774105014
-5.36787893391 -0.540529261204 5.52735185213
-5.36326058357 -0.540367076352 5.56661713209
-5.35785331879 -0.540521755473 5.60594374767
-5.35165854135 -0.541047447885 5.64493262704
-5.34423936165 -0.542122816794 5.68409805107
-5.33588494627 -0.543058052554 5.7235694583
-5.3270994948 -0.543511820691 5.76308951529
-5.31778396336 -0.544351053069 5.80207137366
-5.30760374578 -0.546033133763 5.84145370964
-5.29637099467 -0.547651962457 5.88133969733
-5.28450458197 -0.548974672236 5.92115556538
-5.27171215895 -0.550264773695 5.96047623079
-5.25784423847 -0.552035708506 6.00016026464
-5.24319080079 -0.553640702283 6.03963422587
-5.22804162313 -0.55554521403 6.07850042694
-5.21193928615 -0.558034973356 6.11691964161
-5.19454938394 -0.561062517516 6.15537865494
-5.17602870836 -0.564074810868 6.19373907853
-5.15621431229 -0.567183654814 6.23168407256
-5.13510938078 -0.570527111854 6.26917715217
-5.11237762275 -0.57421013262 6.30670196573
-5.08820071312 -0.578099017573 6.34391179527
-5.06305209703 -0.581798898598 6.38030992929
-5.03679540064 -0.58571716221 6.41613077798
-5.00963279976 -0.590130753508 6.45124762237
-4.98118121299 -0.594836261228 6.48596243014
-4.95129414925 -0.600033399171 6.52043904683
-4.92039617402 -0.605307238911 6.55458344831
-4.88824506169 -0.610617356744 6.58834280386
-4.85518541366 -0.616068487437 6.62176544627
-4.82134850675 -0.621675083118 6.65450021947
-4.78688303079 -0.627754178028 6.68641241373
-4.75132062336 -0.634357865678 6.71766989404
-4.71479550449 -0.641291196966 6.74842136591
-4.67741470702 -0.648456839641 6.77851268076
-4.6389570044 -0.65566477786 6.80781673537
-4.60007361838 -0.662559969081 6.83621085003
-4.5609122877 -0.668916564143 6.86328146597
-4.52174541602 -0.675447509274 6.88902786355
-4.48179618059 -0.682522633708 6.91341012614
-4.44132642571 -0.689860375151 6.93664678207
-4.399919212 -0.697258070285 6.95859029846
-4.35756031201 -0.704531041022 6.97977771169
-4.31424437464 -0.711566602257 6.99984149822
-4.27114231766 -0.71832775819 7.01844179599
-4.22761896816 -0.725023097927 7.03591775674
-4.18398394055 -0.731522577423 7.05200238396
-4.14034447072 -0.738049512538 7.06668061467
-4.0964002285 -0.744885810812 7.08015330647
-4.05212626047 -0.751480219857 7.09298924637
-4.00812410355 -0.757391502385 7.10515950975
-3.96560354096 -0.762988884901 7.11562454466
-3.92431598928 -0.768913431562 7.12495942095
-3.88269749429 -0.775769043788 7.13355903759
-3.84085156481 -0.783291965822 7.14132271649
-3.79886848971 -0.790971338864 7.14819710245
-3.75683563619 -0.798606266873 7.15400360069
-3.71398796098 -0.80650141959 7.15881143008
-3.67133190237 -0.814099402283 7.16290451093
-3.62899337344 -0.821564220515 7.16610487854
-3.58689417387 -0.828668088526 7.16870014726
-3.54537448331 -0.835969386953 7.17025315961
-3.50403816558 -0.844002106187 7.17095397165
-3.46216146243 -0.852140133582 7.17096868267
-3.42009428464 -0.86021880907 7.17078224806
-3.37835089414 -0.867890055462 7.17002430495
-3.33633393013 -0.874813670297 7.16911990238
-3.29497899485 -0.881331693252 7.16794853411
-3.25454112591 -0.887910139505 7.16654125745
-3.21449886144 -0.894119404812 7.16491449905
-3.17561760879 -0.900201430198 7.16278129687
-3.13778095855 -0.906950630071 7.16085960747
-3.10023903026 -0.915103147878 7.15848942256
-3.06158383505 -0.923197682888 7.15599197202
-3.02211305825 -0.930656562697 7.15323294152
-2.98225689279 -0.936972853673 7.15027643779
-2.94290336047 -0.943105260161 7.14731883922
-2.90456129558 -0.949429356038 7.14455891428
-2.86630418844 -0.956217131496 7.14196103905
-2.82766636145 -0.962828827269 7.13926202356
-2.78870050626 -0.969682461072 7.13691432178
-2.74987689136 -0.976492697181 7.13462673606
-2.71131525413 -0.983777812282 7.13280164125
-2.67317722923 -0.991086944701 7.13112990859
-2.63540449137 -0.998040787434 7.12970732762
-2.59812058283 -1.00461691333 7.12867950041
-2.56086632349 -1.01144440537 7.12823330977
-2.5227301733 -1.01863662882 7.12813639879
-2.48484790465 -1.02586869374 7.12828609109
-2.44694432932 -1.03279204853 7.12860497984
-2.40937917944 -1.03910508647 7.12930759771
-2.37229222871 -1.04495986194 7.13014639024
-2.33514111648 -1.05116692974 7.13139154794
-2.29810398877 -1.05734305372 7.13299671275
-2.26109728156 -1.06376997828 7.13505785066
-2.22419485121 -1.07047758714 7.13729281527
-2.18707531085 -1.07757165141 7.13997425667
-2.14997985921 -1.08441254115 7.14292363211
-2.11252376993 -1.09101195182 7.14618688275
-2.07545206035 -1.09716816931 7.14966152618
-2.0386092382 -1.1034625037 7.15315671068
-2.00210137262 -1.10952061562 7.15708451909
-1.96604312581 -1.11541249777 7.1615570324
-1.93114239229 -1.12146846964 7.16631737903
-1.89623822775 -1.12800607469 7.17177444213
-1.86101391966 -1.13467160483 7.17752835529
-1.82511037393 -1.14095327846 7.18357815494
-1.78881620027 -1.14696024828 7.18974936171
-1.75223417643 -1.15317495395 7.195969178
-1.71563796655 -1.15975878034 7.20233357841
-1.67836374897 -1.16647826336 7.20885756979
-1.64126144385 -1.17295334345 7.21565115214
-1.6042135312 -1.17955481079 7.22264941024
-1.56712522659 -1.18678318796 7.2298174955
-1.52973370773 -1.19425622282 7.23715165308
-1.49155153154 -1.20113979217 7.24493438596
-1.45398694318 -1.20727234327 7.25258344892
-1.41673349682 -1.21342932609 7.26032595094
-1.37951750906 -1.22031466921 7.26871930814
-1.34286474442 -1.22696889813 7.27721742015
-1.30690318457 -1.23365791307 7.28599293101
-1.27138531054 -1.23961542206 7.29495822957
-1.23650206212 -1.24567546507 7.30429297511
-1.20193035542 -1.25187986975 7.31422828819
-1.16770324192 -1.25861795787 7.32483636141
-1.13292522969 -1.26483780179 7.3359155073
-1.09848648293 -1.27073834264 7.3475604067
-1.06423426329 -1.27639470831 7.3593534817
-1.03041444238 -1.282474693 7.37170034953
-0.997306269442 -1.2885724789 7.38433045009
-0.963830269608 -1.29480697824 7.39730279402
-0.930644352214 -1.30091093925 7.41028615569
-0.897177792861 -1.3068508678 7.4236536519
-0.863838384841 -1.31292891082 7.43740096413
-0.830222520258 -1.31869477019 7.45165531522
-0.796897556703 -1.32421014009 7.46596447278
-0.763938933589 -1.32974269778 7.48060367843
-0.731201367145 -1.33573453682 7.49570306438
-0.699181975011 -1.3416263273 7.51055294414
-0.667559607841 -1.34758485235 7.52592345996
-0.635550484283 -1.35367340755 7.54186392966
-0.603874237118 -1.35947388863 7.5582162787
-0.572672340796 -1.36480246837 7.57483943311
-0.541618820405 -1.37002474663 7.5915301249
-0.510802501881 -1.37540153883 7.60864049112
-0.480457308983 -1.3805266985 7.6256875966
-0.450727269851 -1.38533811971 7.64279744947
-0.421123449024 -1.39010763564 7.66026183853
-0.39170514822 -1.39472786495 7.67792062489
-0.362518902518 -1.39967283665 7.69591370344
-0.333292566627 -1.40475147914 7.71422351834
-0.303473937703 -1.41002977273 7.73315255124
-0.273934531024 -1.41510998817 7.75216946214
-0.24427759113 -1.42025707137 7.77142740206
-0.214595559614 -1.42534484015 7.79091381167
-0.184437200686 -1.43036721773 7.81090766168
-0.153385619491 -1.43506937483 7.83148013253
-0.12234158434 -1.43908003103 7.85205803344
-0.0911942321921 -1.44296554052 7.87260902952
-0.0600230866583 -1.44707388381 7.89310245558
-0.0288826132311 -1.45174774211 7.91408617225
0.00294631468632 -1.45653948551 7.93559010098
0.0350148697362 -1.46142702651 7.95763677302
0.0675367982711 -1.46615696229 7.98006104665
0.100963880188 -1.47100547891 8.0030889021
0.134629219727 -1.47505680511 8.02624079503
0.167556456613 -1.4791128867 8.04899764572
0.19975252833 -1.48294631117 8.07142027012
0.231581260438 -1.4872100872 8.09373790159
0.262738359469 -1.4913560251 8.11577868342
0.293518184084 -1.49541835969 8.13748873345
0.324300405501 -1.49903130242 8.15919035364
0.355033147924 -1.50253156027 8.18110072482
0.385666868155 -1.50617598518 8.20302701645
0.416227822899 -1.50978489585 8.22493864358
0.446147988944 -1.51300719172 8.24639665799
0.475604192693 -1.51593035868 8.26769536537
0.504816729852 -1.51903247557 8.28890449578
0.534222906864 -1.52226458139 8.31044036784
0.56349301376 -1.52537054351 8.33187823643
0.592765776486 -1.52801696099 8.3537137089
0.621996753458 -1.53034256225 8.37568617853
0.650997916951 -1.53251379613 8.39839703847
0.680234062864 -1.53487296024 8.42140726667
0.709344663308 -1.53750281375 8.44506179808
0.739073789302 -1.54015803271 8.4693938555
0.768406799895 -1.5422908014 8.49406670345
0.797343428719 -1.54386924472 8.51878933699
0.825404700156 -1.54563840452 8.54363148934
0.852462982041 -1.54739902834 8.56819444147
0.878901517733 -1.54920996737 8.5929189071
0.9048192387 -1.55102686542 8.61806050405
0.930146406879 -1.55265233626 8.64355206383
0.955450690421 -1.55387405107 8.66941191368
0.980768828291 -1.55531869211 8.69623059644
1.00562930647 -1.55695942664 8.72323301116
1.03060188315 -1.55835706726 8.75085561601
1.05526188337 -1.55933359418 8.77818671296
1.07974443745 -1.55974363661 8.80566924969
1.10377581402 -1.56020983128 8.83396903794
1.12753376489 -1.56079736449 8.86319869074
1.15141058795 -1.56127674235 8.89335718317
1.17520111826 -1.56160912001 8.92415105914
1.19858276068 -1.56153523093 8.95548976739
1.22186075366 -1.56158316779 8.98726220967
1.24446361922 -1.56127670778 9.01959153605
1.26706745792 -1.56100793001 9.05236100705
1.28956499362 -1.56055687793 9.08600207616
1.31174396336 -1.56024756071 9.11993154707
1.33347433716 -1.55947437576 9.15390820339
1.3548746819 -1.55874092261 9.18799796452
1.37591362024 -1.55854738606 9.22260868966
1.39686854694 -1.55835303347 9.25807039196
1.41801171476 -1.55750203412 9.29446786605
1.43911001955 -1.55640927687 9.33136251755
1.46028914934 -1.55548185208 9.36948110207
1.48190923047 -1.5541131389 9.40866475641
1.50326445046 -1.55173880104 9.4480114065
1.52423161791 -1.54931051669 9.48739643277
1.54523359554 -1.54743398687 9.52686753962
1.56628117933 -1.54641822798 9.56675305953
1.58722916764 -1.54584026436 9.60656633789
1.60813246176 -1.54506492925 9.64641142868
1.62849884607 -1.54392229117 9.68519846985
1.64834031314 -1.54278406993 9.7233345977
1.66820206716 -1.54160725809 9.7613030023
1.68829022523 -1.54048385873 9.79949236777
1.70845439557 -1.53983990463 9.83801097917
1.72851971623 -1.53927178243 9.87655191919
1.74815544632 -1.53835003049 9.91500818088
1.76740758553 -1.53735262865 9.95377662289
1.7860087563 -1.53654313556 9.99280860963
1.80371752891 -1.5356625938 10.0321371671
1.82066072402 -1.53439113171 10.0712141549
1.83681236778 -1.53332520303 10.1101366583
1.8523961862 -1.53251610128 10.1496029961
1.86757871805 -1.5314588606 10.189494112
1.88221752546 -1.53009052166 10.2293749775
1.89618196293 -1.52869473136 10.2695317187
1.90948412807 -1.52726357875 10.3102345872
1.92212423301 -1.52561467411 10.3511126251
1.93392237541 -1.52393673641 10.3916669948
1.94516499163 -1.52238774884 10.432277068
1.95602220942 -1.52086194089 10.4731191433
1.96676637522 -1.51938614824 10.51405295
1.97742320975 -1.51783077567 10.5550509944
1.98804106971 -1.51633028952 10.5963325982
1.9984790353 -1.51485427142 10.6380435751
2.00892484102 -1.5133583639 10.680262731
2.01930699935 -1.51160791216 10.723170307
2.02912583768 -1.50989515718 10.7655984407
2.03831326507 -1.50836632618 10.8070267228
2.04697035403 -1.50710382741 10.8479228947
2.05536508837 -1.50610082296 10.8891038585
2.06345428352 -1.5052886544 10.9310137859
2.07152049658 -1.50401587633 10.9732822119
2.0795055529 -1.50206230726 11.0153139511
2.08726458579 -1.4998493935 11.0567953871
2.09473778388 -1.49815935629 11.0983435203
2.10174558161 -1.49688135939 11.1393528205
2.10779867435 -1.49587256039 11.1796252578
2.11338866922 -1.49490160191 11.2199655456
2.11935505699 -1.49363650471 11.2593770411
2.12593778023 -1.49252618715 11.2981736283
2.13314126223 -1.49137184563 11.3365079588
2.14102044276 -1.49036475834 11.375110827
2.14905958067 -1.48925931651 11.4129851032
2.15693110731 -1.48799936584 11.4498296926
2.16486952102 -1.48656246982 11.4861068209
2.17309184171 -1.48517981604 11.5224792259
2.18147618918 -1.48415258012 11.5588321264
2.18955380033 -1.48317003637 11.5948827076
2.19730631072 -1.48215603902 11.6306253923
2.20442142172 -1.48118830414 11.6662721716
2.21085059364 -1.4802022686 11.7022539868
2.21674270383 -1.47929671568 11.7387833414
2.22169631121 -1.47821602612 11.7752927471
2.22586542142 -1.47696019172 11.8120104805
2.22886626405 -1.47568931491 11.8486259473
2.23039634571 -1.47448754066 11.8854551482
2.23063475078 -1.47326604596 11.9220602137
2.22949047843 -1.4720096222 11.958272627
2.22699010006 -1.47075151573 11.9938087208
2.22348530703 -1.46965573535 12.0288494872
2.21870318 -1.46864782469 12.06344459
2.21285216768 -1.46747789862 12.0971074079
2.20622727524 -1.46652053744 12.1300909598
2.1988073997 -1.4656004791 12.1630520127
2.19048540556 -1.46459740295 12.1959538408
2.18153879964 -1.46395568958 12.2292917571
2.17161270689 -1.46361798147 12.2638600739
2.16102848866 -1.46338559279 12.3004782592
2.15048609922 -1.46219672862 12.338931893
2.13978366298 -1.4603294678 12.3764838685
2.12893851703 -1.45875489353 12.4140894569
2.11793417076 -1.45807668652 12.4511583989
2.10679144373 -1.4579035679 12.4880847393
2.09573201767 -1.45771860362 12.5257753142
2.08502582714 -1.45693435635 12.563638861
2.07467937224 -1.45588705617 12.6006670985
2.06442149177 -1.4549602003 12.6378882941
2.05403684107 -1.45468954799 12.6754892718
2.04334913144 -1.45526702428 12.7136078206
2.03233078451 -1.45596406736 12.7526742003
2.02120357381 -1.45630986992 12.7925306738
2.01005823349 -1.45634602067 12.8329218929
1.99886024015 -1.45624102941 12.8738298487
1.98741592617 -1.4560544692 12.916128989
1.97598714258 -1.45554453038 12.958647471
1.96481256571 -1.45491118705 13.0007895434
1.95389300761 -1.45479831351 13.0431363968
1.9428267551 -1.45529893102 13.0856858003
1.93147783477 -1.45580898239 13.1281679385
1.91968010773 -1.45610286096 13.1698239809
1.90758524815 -1.45616815337 13.210884181
1.89483089263 -1.45618492222 13.2516622477
1.88181992573 -1.45640309288 13.2920090819
1.86839928495 -1.45680294961 13.3323898247
1.85462671599 -1.45736094255 13.3724636565
1.84046793835 -1.4577586738 13.4123224128
1.82606701448 -1.45793053423 13.4516723303
1.81123039567 -1.45813637915 13.490757616
1.79586144865 -1.45838659595 13.5301916057
1.78016079735 -1.45889137784 13.5694408122
1.76421612121 -1.45934404718 13.6090437463
1.74775283086 -1.4597320788 13.6494553502
1.73135497863 -1.46010142781 13.6890263955
1.71492064049 -1.46013807311 13.7276650444
1.69864748551 -1.46029479241 13.7652967323
1.68210966876 -1.46136178875 13.8025619406
1.66478765798 -1.46323176714 13.8400585437
1.64721527674 -1.46432110113 13.8777309075
1.62929575544 -1.46548593233 13.915723564
1.61088296028 -1.46674789328 13.9539099451
1.59198919655 -1.46819435803 13.9931977206
1.57230231181 -1.46989777204 14.0332044333
1.55219980398 -1.47106813012 14.0737940356
1.53203287042 -1.47169215818 14.115009272
1.51198766751 -1.47260386133 14.1561856802
1.49195174706 -1.47289920168 14.1972844269
1.47165404766 -1.47355092049 14.2383403085
1.4515900696 -1.47402201159 14.2793252833
1.43221634068 -1.47500612163 14.3186315515
1.41266427531 -1.47599017439 14.357985313
1.39283986418 -1.47699390913 14.3972666735
1.37261154521 -1.47792779667 14.4365158788
1.35233780184 -1.4786595391 14.4754810851
1.33185196823 -1.47920382588 14.5147177882
1.31123211658 -1.47958897897 14.553895516
1.29036624488 -1.48010147158 14.5932536132
1.26945744941 -1.48060349831 14.6330763917
1.24856160678 -1.48093215818 14.6727781824
1.22767583619 -1.48118926553 14.7120011253
1.20697744872 -1.4812054181 14.7507139627
1.18678283279 -1.48070711388 14.7893223446
1.16689936053 -1.48014368987 14.8274945601
1.14696413131 -1.48005975815 14.8660334183
1.12712151825 -1.48022282354 14.9047677252
1.10711958494 -1.48012864431 14.9440416159
1.08731687152 -1.47953776099 14.9834054439
1.06773564443 -1.4785566774 15.022522863
1.0484112929 -1.4775731718 15.0616000445
1.02932410467 -1.47669560588 15.100480329
1.01046296104 -1.47580205485 15.1397810113
0.991528987599 -1.47435071379 15.1785937315
0.972563221791 -1.47368162008 15.2171022667
0.953717370773 -1.47310284887 15.2553673802
0.934820097908 -1.47282034528 15.2933998762
0.916311617304 -1.47160976073 15.3307642375
0.897691631921 -1.47050126911 15.368239766
0.879157113044 -1.46899683011 15.4056272946
0.860824406759 -1.4681810501 15.4426426969
0.84254613579 -1.46742962773 15.4797875841
0.82440179343 -1.4665364175 15.5162641784
0.806609501213 -1.4653833989 15.5520025171
0.788808475573 -1.46430488139 15.5871605656
0.770926598102 -1.46346982176 15.6218706662
0.753174489276 -1.46282930284 15.6563578981
0.735364794708 -1.46211910141 15.6909341557
0.717523041676 -1.46143467291 15.7254074933
0.699775284484 -1.46068964624 15.7597370733
0.682493544895 -1.45994795458 15.7937479032
0.665031819367 -1.45902548018 15.8280721055
0.647441207709 -1.45788971106 15.8626947201
0.629686669486 -1.45633808164 15.8975084993
0.611660793213 -1.45451331928 15.9328310058
0.593637169058 -1.45252404486 15.9683344157
0.575398186172 -1.45041069875 16.0034610687
0.557230984981 -1.44804173582 16.0387244102
0.538849923151 -1.44593873341 16.0736646138
0.520485395246 -1.44369349188 16.1077575555
0.502480901729 -1.44144340253 16.1412053983
0.485357935441 -1.43920951754 16.173781979
0.468218788971 -1.43748623852 16.2057579357
0.450962050309 -1.43556713535 16.237731488
0.434508566056 -1.43337167599 16.2685819018
0.418791326632 -1.4311936128 16.2982869152
0.403399045082 -1.42924605773 16.3271207071
0.388196816027 -1.42764140409 16.3554367703
0.373600138977 -1.4260966139 16.3828551657
0.35957272829 -1.42473538691 16.4096279969
0.345636948776 -1.42330226115 16.4363364308
0.331564934281 -1.42195846647 16.4631221079
0.317351198871 -1.42058318604 16.4901439838
0.303793727684 -1.41911614491 16.5167442556
0.290590074829 -1.41781211998 16.5428658088
0.277642937415 -1.41673083077 16.5694763584
0.265341210429 -1.41597717829 16.5967187884
0.253754297589 -1.41500323852 16.6247696889
0.242516588366 -1.41358729651 16.6537762242
0.231876402203 -1.41160348581 16.6832313926
0.222066789138 -1.4096834283 16.7128817303
0.213122545165 -1.40758882624 16.7429514576
0.205130194197 -1.40537360106 16.7739706592
0.198098935476 -1.40275688381 16.8051902127
0.192140612869 -1.39990377928 16.8363806954
0.187023918693 -1.3971221573 16.8677625612
0.182946611174 -1.39453824999 16.8989452215
0.179847080083 -1.3921368761 16.9300941061
0.177724345155 -1.38980198218 16.9612703107
0.176602962884 -1.38750701045 16.9925685698
0.176322721587 -1.38508521955 17.0241221936
0.176809238163 -1.38260975092 17.0552322828
0.178383968532 -1.38001654077 17.0867742994
0.18072195764 -1.37745322867 17.1182704843
0.183948323114 -1.37472466902 17.1502437368
0.18786312456 -1.37200130196 17.1818646417
0.192288578888 -1.3694575268 17.2133713415
0.197483795454 -1.3670066886 17.2448869943
0.203274732802 -1.36473763988 17.2767870353
0.209658062188 -1.36227121234 17.3084818096
0.216691009921 -1.3599865582 17.3403147284
0.224714739446 -1.35765157444 17.3721861534
0.233307508148 -1.35532182828 17.4041815983
0.24273612853 -1.35306956504 17.4362001708
0.253239185998 -1.35081014723 17.4686943879
0.264189873857 -1.34861178812 17.5014265857
0.275704231363 -1.34604481537 17.5338000597
0.288277561192 -1.34330381846 17.5662432303
0.301254263487 -1.34048767836 17.5980029501
0.314825296061 -1.3379220033 17.6297885574
0.328981803884 -1.33539260261 17.6615248487
0.344433752133 -1.33317814798 17.6933529659
0.36105086194 -1.33112698295 17.724894576
0.378708140596 -1.32906150731 17.7563249843
0.397316066875 -1.3267202136 17.7871340551
0.417053912938 -1.32422476637 17.8176449201
0.437561864722 -1.32179934427 17.8471850623
0.458424916923 -1.31930781829 17.8752355969
0.479845950259 -1.31697496668 17.9021866124
0.50213450707 -1.31464306488 17.928336923
0.525288858703 -1.31241728842 17.9538317983
0.549095996088 -1.31014986386 17.978731453
0.573538924243 -1.30776700678 18.0032476878
0.598434935657 -1.30540161155 18.0270824251
0.624215515832 -1.3032845184 18.0505202451
0.650648472508 -1.30123432237 18.0737808897
0.677146009551 -1.29882880858 18.0964537707
0.70286561369 -1.29631052731 18.1179847149
0.729060705075 -1.2940898559 18.1383019133
0.755128143419 -1.29253905213 18.157652335
0.781946715886 -1.29099043253 18.1767329946
0.809294799308 -1.28894692025 18.1952389667
0.837209325965 -1.28660601259 18.2129662511
0.865819996064 -1.28410076541 18.229947124
0.894827622111 -1.28158994015 18.2460445642
0.92479093989 -1.27919632523 18.2616084872
0.955572918594 -1.2767831224 18.276354802
0.987277612589 -1.27427121456 18.2904425664
1.01980998332 -1.2718013773 18.3039784364
1.05344733194 -1.2691882218 18.316843406
1.08721098222 -1.2664335146 18.3287379544
1.12102454272 -1.26367544203 18.3396363262
1.15530928362 -1.26119505308 18.3495885314
1.19003413264 -1.25880792716 18.3584807044
1.22526858641 -1.25660010715 18.3662240197
1.26127580433 -1.25415712614 18.3730404035
1.29773838338 -1.25170354545 18.3786247135
1.33457269936 -1.24918942796 18.3831546231
1.3718396601 -1.24681763563 18.3867353988
1.40932567084 -1.24446574211 18.3892825543
1.44718915976 -1.24179511489 18.3908347775
1.48501551719 -1.23938316353 18.3913551925
1.52297047836 -1.23714074641 18.3908381158
1.56100757817 -1.23529569164 18.3893479126
1.59923653816 -1.2333627658 18.3866004917
1.63790697181 -1.23121013411 18.3829576796
1.67680568171 -1.22878196543 18.3783167475
1.71576106414 -1.22633191553 18.3726504013
1.75481345055 -1.22392634628 18.3657412395
1.79417866666 -1.22171908657 18.3576241
1.83426799724 -1.21958392638 18.3481757996
1.87492853097 -1.21752364359 18.3376077005
1.91627342852 -1.21503708512 18.3255985374
1.95726268432 -1.21230085344 18.3131332223
1.99736280266 -1.21014334655 18.2999414079
2.03659297034 -1.20834486857 18.2856952852
2.07491329482 -1.2062519744 18.2709051844
2.11295089433 -1.20400695303 18.2551239895
2.15038609721 -1.20204176412 18.2386278743
2.18759095168 -1.20088050415 18.2209559351
2.2244322929 -1.19978216187 18.2023705174
2.26093642743 -1.19853510496 18.1829236744
2.29720918269 -1.19741880785 18.1626854
2.33412502793 -1.19635170252 18.1416002184
2.37127316743 -1.19480337086 18.1200833406
2.40853635605 -1.19300243757 18.0978071699
2.44647245709 -1.19150642714 18.0748570314
2.48536647649 -1.19021734292 18.0509663816
2.52485968785 -1.18894297738 18.0265047707
2.56460625023 -1.18765574829 18.0014694014
2.60506367196 -1.18639209305 17.9758504146
2.64578973289 -1.18504672408 17.9501738298
2.68709429489 -1.1837131018 17.9240939976
2.729295609 -1.18203160665 17.8973340244
2.77111570672 -1.17949652471 17.8704478791
2.81311743789 -1.1763285668 17.8434157119
2.85462472614 -1.1735394241 17.8166330093
2.89624969933 -1.17106130589 17.7899777987
2.93761230118 -1.1689620613 17.7637586373
2.97879060273 -1.16725164098 17.7376763338
3.02043703336 -1.16570738611 17.7114241421
3.0621340452 -1.16380248067 17.6849064162
3.10407496949 -1.1617060704 17.6582628786
3.14597321446 -1.15925919204 17.6314699684
3.18767221604 -1.15666084903 17.6046462183
3.22902237107 -1.15358170158 17.5777384542
3.27037498824 -1.15052191959 17.5506751845
3.3118350151 -1.14841087268 17.5238112228
3.35364156307 -1.14638383707 17.4966406746
3.3963416305 -1.14378120707 17.4690023949
3.43868610117 -1.14004515683 17.441692325
3.48061156002 -1.13676931822 17.4145566966
3.52213535575 -1.13424026138 17.3879239283
3.56293840265 -1.13312970691 17.3615691411
3.60438052133 -1.13185050165 17.3349170074
3.64618219782 -1.12950225517 17.3079428685
3.68798751754 -1.12674230217 17.2810634368
3.72992411184 -1.12437855933 17.2540926376
3.77195858024 -1.12237026557 17.2269543856
3.81385327306 -1.11989011214 17.1997839457
3.85588521695 -1.11722403731 17.1723331701
3.89818223309 -1.11480221863 17.1447976294
3.94056116953 -1.11234541267 17.1173173342
3.98312514107 -1.11039310241 17.0897213861
4.02656571862 -1.10830430013 17.0616350397
4.07037776382 -1.10546639894 17.0332865911
4.11428901872 -1.10228485567 17.0051209345
4.15806929773 -1.09994265448 16.9770223484
4.20190616277 -1.09804800888 16.9487404676
4.24590144942 -1.09544017932 16.9200494561
4.28965389458 -1.09314743451 16.8911337145
4.33338820942 -1.09097560606 16.8621717715
4.37777649416 -1.08916360284 16.8330648231
4.42184157286 -1.08726057336 16.8043662138
4.4656514788 -1.08523453333 16.7758676842
4.51019488194 -1.08286654383 16.7469809739
4.55525944895 -1.08029513346 16.7177534128
4.60021024992 -1.07735154017 16.6884765586
4.64534043939 -1.07499417588 16.659163774
4.69010763439 -1.07242547352 16.629911166
4.73494970819 -1.06991994978 16.6006410011
4.78036462442 -1.06897850846 16.5719406491
4.82607440096 -1.06771122395 16.5427130508
4.87142656993 -1.06467224779 16.5134757266
4.91611736071 -1.06140612327 16.4844507135
4.95963023045 -1.05863559322 16.4562088117
5.00301632758 -1.05587488029 16.4283978762
5.04630450147 -1.05348640042 16.40111426
5.09040641619 -1.05202944431 16.3737540756
5.13469719111 -1.05040458405 16.3461648184
5.17927235086 -1.04807527498 16.318534508
5.22415048912 -1.04551858309 16.2910514807
5.26935096564 -1.04288838679 16.2632472387
5.31431690714 -1.04041954972 16.2354035117
5.35879567 -1.03846231897 16.2078274383
5.40260929242 -1.03714670982 16.1810457081
5.44579562517 -1.03585521597 16.1543362332
5.48801840215 -1.03468702422 16.1281582482
5.5302057949 -1.03295127636 16.1013553641
5.57215832279 -1.03085032977 16.0745273805
5.6132305325 -1.02849717321 16.047843175
5.65418748322 -1.02657794834 16.0213603367
5.6951815378 -1.02510448628 15.9950371684
5.73602605678 -1.02415673546 15.9685573952
5.77684969751 -1.02297985814 15.942026932
5.81726916434 -1.02177089834 15.9150748211
5.85687874321 -1.02017998874 15.8885164312
5.89663707868 -1.01897439515 15.861672549
5.9363814799 -1.01748397942 15.8346190561
5.97539901709 -1.01572714288 15.8077686216
6.01369223302 -1.01376067403 15.7815755624
6.05123620432 -1.01195964276 15.7558713481
6.0883543106 -1.01055744406 15.7300307157
6.12525910438 -1.0091700841 15.7042234629
6.16196502537 -1.00778336768 15.6783657487
6.19814981994 -1.00634776842 15.6530258251
6.23377045093 -1.00488759393 15.6284797119
6.26956582331 -1.00349848465 15.6044778995
6.30569034475 -1.00200537518 15.5811334937
6.34191842014 -1.00037379994 15.5587897926
6.37825213089 -0.998663579002 15.5374813693
6.41432269857 -0.996817850726 15.5174696873
6.4500763992 -0.995030742095 15.4992686753
6.48523933237 -0.993238159143 15.4822084447
6.51991114241 -0.991541689364 15.4663458995
6.55453988684 -0.990149500478 15.4519646756
6.58949242973 -0.988864127912 15.4379157465
6.62478864126 -0.987803333601 15.4250182522
6.660691698 -0.986771005678 15.4128558672
6.69724049545 -0.985851178473 15.4017119617
6.73462902753 -0.984523457519 15.3910721949
6.77197602474 -0.982934158912 15.3817315765
6.80907637644 -0.981006528623 15.3731535827
6.84599755139 -0.979014051325 15.3656245168
6.88262713791 -0.977172007138 15.3590974153
6.91909481019 -0.975389667068 15.3533052941
6.95576486262 -0.973310724937 15.3485957619
6.9920954075 -0.971158624879 15.344708438
7.02749483747 -0.969167606373 15.3421483682
7.0627780051 -0.967376987736 15.3408043719
7.0981183883 -0.965744892521 15.3408640945
7.13351192552 -0.964175402984 15.3421250682
7.16911333915 -0.962420381192 15.3446691389
7.20497308792 -0.960628882509 15.3486455471
7.24128743091 -0.95885586527 15.3541358211
7.27753614561 -0.95699311929 15.3607908358
7.31376004499 -0.954507060808 15.3689687104
7.349881352 -0.952127608749 15.3779839673
7.38560904828 -0.94984153675 15.3880836519
7.42120422695 -0.947697864663 15.3994616491
7.45650920101 -0.945578450059 15.4119828723
7.49121933025 -0.943868667522 15.4256019212
7.52605686454 -0.942070065873 15.4403460843
7.56071394507 -0.940099323136 15.4559337096
7.59436416362 -0.937407404446 15.4723730019
7.62781616482 -0.93492315049 15.4896951996
7.66074059058 -0.932683997641 15.5085914828
7.6934304007 -0.930890799572 15.5286556461
7.72694675683 -0.928952062706 15.5504773496
7.76080179417 -0.926802325993 15.5733582538
7.79423742669 -0.924114219807 15.5972576959
7.82712105731 -0.921166539961 15.6221124988
7.86019914639 -0.918052108991 15.6480864963
7.89331080115 -0.914829585543 15.6754395239
7.92590518114 -0.911421562031 15.703726159
7.95816281881 -0.908104449917 15.7322790989
7.99052075153 -0.904761924999 15.7617826012
8.02367655154 -0.901290617835 15.7926030199
8.05647946108 -0.897678270827 15.8238279656
8.08934528047 -0.893813649825 15.8557794586
8.12213412195 -0.889772668468 15.8884467201
8.15446214534 -0.886010933491 15.9210942551
8.18641658262 -0.882911186384 15.9541873087
8.21846461273 -0.879967637802 15.9872560393
8.25063923851 -0.876924538144 16.0210741772
8.28286976857 -0.874060845115 16.0552912973
8.31529155211 -0.87065559347 16.0901299811
8.34729423017 -0.867271375711 16.1247790867
8.37876234627 -0.863805484481 16.1592970731
8.40951283208 -0.859764625139 16.1933348112
8.43972904861 -0.856059449163 16.2268744957
8.46961495457 -0.852468420073 16.2602754475
8.49924572155 -0.849395900111 16.2938336047
8.52869543845 -0.846858627762 16.327455151
8.55729580305 -0.844335295174 16.3606542305
8.58576821505 -0.841744430507 16.3937182024
8.61372974748 -0.839194828722 16.4259213245
8.64141440125 -0.83634967918 16.4573487421
8.66928831472 -0.833143373928 16.4882826301
8.69668720826 -0.829919995046 16.5179631784
8.72391022639 -0.827111713366 16.5469138246
8.75185539022 -0.824504891917 16.5750081909
8.77985751457 -0.821950140191 16.6025709093
8.80839139132 -0.819527184367 16.629348008
8.83710232065 -0.817315474079 16.655560569
8.86663903257 -0.815176207714 16.6812644169
8.8958864564 -0.812877562215 16.7058715656
8.9251873602 -0.810725029215 16.729184674
8.95324611967 -0.809008034919 16.7506458238
8.98027309439 -0.807898542012 16.7709345579
9.00695262313 -0.807198308189 16.7899648966
9.03357483153 -0.807364979903 16.8075726832
9.06002517106 -0.808215938443 16.8242348899
9.08694063954 -0.809032409424 16.839318852
9.11404675879 -0.809927883576 16.85308111
9.14106160234 -0.81049486957 16.8652192684
9.1677769342 -0.81067064296 16.8757268273
9.19593295641 -0.810646686973 16.8854733576
9.22396248156 -0.81082712164 16.8937739543
9.25175367548 -0.811384252424 16.9008648998
9.27914120665 -0.812374147493 16.9064536065
9.30641937869 -0.813759213776 16.9105591307
9.33446910972 -0.815541976403 16.9137794234
9.36307001321 -0.817354495911 16.9159477845
9.39226265684 -0.818898224102 16.916576911
9.42139335706 -0.819872493536 16.9154095737
9.45029533052 -0.820893517778 16.9130229804
9.47732403925 -0.821766065286 16.9094918405
9.50582839809 -0.822636460536 16.9047250559
9.53444605686 -0.8235646587 16.8985568764
9.56277794771 -0.824756275807 16.891832047
9.59115983958 -0.826450211372 16.8845336295
9.61970000755 -0.828350666879 16.8765573164
9.64824090412 -0.829968374876 16.868017723
9.67669455504 -0.831478286692 16.8591661328
9.70559999091 -0.833124230252 16.8498251271
9.73430355294 -0.834664613522 16.8396413678
9.76244630349 -0.836298849521 16.8292133858
9.79044695351 -0.837743399315 16.8179806059
9.81824840915 -0.839087476172 16.806115766
9.84598953774 -0.840457195 16.7934761744
9.87350103838 -0.841701705124 16.7796320796
9.90032166003 -0.8427665852 16.7649669548
9.92617118748 -0.84357921579 16.7488034515
9.95168357808 -0.84471225654 16.73176112
9.976601835 -0.845981361282 16.713449873
10.0005329034 -0.847291788762 16.6940721457
10.0238123203 -0.848130441296 16.6734027492
10.0460272764 -0.848635218539 16.6519772585
10.0674338888 -0.849274225282 16.629804724
10.0873880428 -0.849786369478 16.6074569662
10.1057702124 -0.850222272435 16.584523737
10.1230032911 -0.850617982532 16.5609296112
10.1390584013 -0.850936468552 16.5368889238
10.1538766564 -0.851198981981 16.5125390969
10.1671098334 -0.851378187154 16.4885261805
10.1795984029 -0.851398470615 16.4638538484
10.1910084176 -0.851390670716 16.4392303817
10.2012274647 -0.851494602589 16.4151149927
10.2106987384 -0.851691306854 16.3906523377
10.219595016 -0.852135713581 16.3658387398
10.2274682136 -0.852436951375 16.3407249648
10.2344956942 -0.852573227049 16.3149199471
10.2407955364 -0.852672322867 16.2889215654
10.2459349354 -0.852725243179 16.2629660647
10.250641076 -0.852592584956 16.2361068618
10.2541081541 -0.852106741718 16.2095156375
10.2564181446 -0.851653485693 16.1835664042
10.2577705896 -0.85130896352 16.157393131
10.2580239278 -0.850987061097 16.1307026042
10.2574476661 -0.850672780106 16.1031252623
10.2561598356 -0.850103275867 16.0754152475
10.2538301716 -0.849018357255 16.0479547287
10.2506378328 -0.847816019583 16.0208428447
10.2463567252 -0.846617168667 15.9938029249
10.2409547211 -0.845384571063 15.9662740585
10.2346247852 -0.84409059175 15.9384475644
10.2274996842 -0.84271259658 15.9106682818
10.2198627114 -0.841369122377 15.8828684526
10.2116588997 -0.840061443937 15.8551332338
10.2030531594 -0.838691903665 15.8267776851
10.1941158446 -0.837266704271 15.7984877715
10.1845658955 -0.835922328392 15.7698826566
10.1743373258 -0.834872807209 15.7408224464
10.1637910695 -0.833920096244 15.7113550176
10.1525848063 -0.833024925088 15.6814380802
10.1408819429 -0.832223010057 15.6506994617
10.1285333744 -0.831181828479 15.6192049422
10.1158444483 -0.829895675027 15.5870076564
10.1029972835 -0.828126440724 15.5546303845
10.0899653864 -0.826145912272 15.5224307986
10.0767038482 -0.824656052173 15.4903107709
10.0631003452 -0.823978698342 15.4577839979
10.0490815086 -0.823362365425 15.4244305836
10.0348332257 -0.822452410579 15.3903411836
10.0204054591 -0.820974075671 15.3558067389
10.005967463 -0.819055892504 15.3214085637
9.99144294587 -0.81715998982 15.2866051285
9.97699801525 -0.815244054207 15.2520744207
9.96226237871 -0.813533279651 15.2174137313
9.94706549818 -0.811922357136 15.181894197
9.93177887154 -0.810184991738 15.146180353
9.91634731584 -0.80806500659 15.1106305549
9.90086320998 -0.806170986362 15.0750538831
9.88534040607 -0.804461791007 15.0392347689
9.86965303595 -0.802536572796 15.0033196223
9.85402511724 -0.800683306461 14.9673155973
9.8383101686 -0.798873656209 14.9309734875
9.82241746536 -0.797215786277 14.8944180468
9.80627823277 -0.794470477193 14.8578980931
9.79049801716 -0.792315352913 14.8222088943
9.77406309467 -0.79014840905 14.7854668087
9.75740979174 -0.788664841325 14.7485592617
9.74038916824 -0.786211728907 14.7111561107
9.72340505202 -0.783889856756 14.6734913978
9.70672727358 -0.781437899693 14.6360643022
9.69044974673 -0.779286502369 14.5984729085
9.67426571107 -0.77706992973 14.5614899484
9.65832904522 -0.77498409123 14.5239006796
9.64269590293 -0.772738388074 14.4864264077
9.62739048955 -0.770851710825 14.4490657585
9.61246300999 -0.769632889918 14.4112148763
9.59814129527 -0.768759360968 14.3732970472
9.58375688611 -0.768120465291 14.335284208
9.57017218303 -0.767557399448 14.2972220117
9.55701677671 -0.766937776676 14.2589035331
9.54444137179 -0.765723124118 14.2206481589
9.53284259852 -0.764154847659 14.1824510452
9.52216211545 -0.762304197259 14.1445102106
9.51238386108 -0.760728328236 14.1063220273
9.50309724795 -0.759464995816 14.0682350525
9.49459422287 -0.7590422279 14.0303220764
9.48667275779 -0.7586764287 13.9922885883
9.47952347556 -0.758183943002 13.9540427668
9.4728760027 -0.757382148626 13.915848474
9.46748061279 -0.756913172999 13.8774267673
9.4629128595 -0.756642346778 13.8390406692
9.45880378223 -0.756265623692 13.8000248696
9.45486155245 -0.755555251526 13.7607882297
9.45154943675 -0.754723120943 13.7217274972
9.44858718468 -0.75379067483 13.6824970274
9.44617766037 -0.753182595824 13.6428449027
9.44447145945 -0.752836804839 13.602917555
9.4435171119 -0.752569583889 13.5633676941
9.44269130473 -0.751824493533 13.5243379135
9.4422068245 -0.75097820457 13.4855360605
9.44236520593 -0.749817770124 13.4479437632
9.44310235543 -0.748858157412 13.4103127882
9.44445514902 -0.748247407906 13.3730042698
9.44643668261 -0.747969197494 13.3358492913
9.44885098361 -0.747721091563 13.2984636806
9.4517884195 -0.747302243525 13.2610707055
9.45503443971 -0.746947064194 13.224053856
9.45861972271 -0.746881101241 13.1869093245
9.46257968283 -0.746925095227 13.1499309744
9.46694463707 -0.747280699739 13.1128727565
9.47193083978 -0.748046066238 13.0760047197
9.47715548512 -0.748710817157 13.0396953787
9.48244687227 -0.748792073037 13.0035950795
9.48815166876 -0.748871655541 12.9677909529
9.49441274198 -0.749048022835 12.9315858078
9.50093160293 -0.749404020414 12.8954731882
9.50767319943 -0.749689628042 12.8588257161
9.51483350976 -0.75006314768 12.8221924732
9.52217770765 -0.750460367523 12.7850324732
9.52988579319 -0.750342164377 12.7480174937
9.53780121103 -0.749936170181 12.7108957917
9.54615810218 -0.749310058288 12.6737948656
9.55498996639 -0.748910696481 12.636927085
9.56408785054 -0.748820864441 12.6005372707
9.57335584533 -0.748889290403 12.5643688003
9.58293193667 -0.749003947047 12.5287261357
9.59279310943 -0.749004649745 12.4926640178
9.60314720514 -0.749180837666 12.4572530559
9.61348852058 -0.749599355101 12.4230745766
9.62381142217 -0.750348510906 12.3900357871
9.63373842202 -0.751536907703 12.3586928005
9.64332073817 -0.753054330709 12.3285511258
9.65226275417 -0.754875181052 12.2999045095
9.6609665515 -0.756800369122 12.2729581521
9.66917753718 -0.758775848719 12.2474554778
9.67723479115 -0.761036626133 12.2224108417
9.68512693211 -0.764086907722 12.1971238323
9.69279910451 -0.767243623278 12.1717208926
9.70031646055 -0.769921790413 12.1468370936
9.70727367916 -0.772122810454 12.1231919183
9.71328566679 -0.774342051669 12.0997480002
9.71802057918 -0.776461581676 12.0762332046
9.72169380228 -0.778452802444 12.0530559298
9.72459369237 -0.780323627173 12.0301260446
9.72647106232 -0.781963905595 12.0066263053
9.72713567653 -0.783292237182 11.983116566
9.72663711628 -0.784337015666 11.9596427359
9.72491072311 -0.785011218999 11.9361972175
9.72202846106 -0.785416024436 11.9128649699
9.71809535864 -0.78573085345 11.8896082169
9.71334420413 -0.785869592915 11.8671265263
9.70774488406 -0.785837208486 11.8453374404
9.70068414961 -0.785540991309 11.8236129271
9.69276845041 -0.785189789882 11.802417895
9.68398681125 -0.784686243729 11.7814698582
9.67441308809 -0.784004436508 11.7606272066
9.66395912941 -0.783040337924 11.7403221162
9.6522503888 -0.781752477046 11.7204009612
9.63913955811 -0.780313277658 11.7009381396
9.62482889282 -0.778664194819 11.6816787444
9.60961902736 -0.776891684762 11.6628756846
9.59388556732 -0.77496826111 11.6445675418
9.57724070278 -0.773064344537 11.6263038102
9.56039242958 -0.770955924955 11.608961211
9.54294407498 -0.76875253851 11.5919733514
9.5246042025 -0.766509078564 11.5751023012
9.50627715382 -0.764451140013 11.5585818338
9.48688181026 -0.762603082252 11.5410518852
9.46757158327 -0.760705161061 11.5240405757
9.4474778818 -0.758777886507 11.506610835
9.42670252694 -0.756843028217 11.4890305797
9.40534626403 -0.754706967519 11.4712642804
9.3833139887 -0.752804402327 11.4531243637
9.36081952689 -0.750868519374 11.4344083864
9.33742985135 -0.748957316558 11.4155992239
9.31342294877 -0.747113554391 11.3964114951
9.28914802037 -0.745183790508 11.376367611
9.26457751517 -0.742903181656 11.3556744893
9.24010000969 -0.740552935011 11.3347910843
9.21537890941 -0.738242859743 11.3136747543
9.19085938106 -0.736097536344 11.2927593318
9.16610451657 -0.733864046337 11.2716079208
9.14099542163 -0.731387161491 11.2502155609
9.11555937457 -0.729072874243 11.2283213901
9.08979523502 -0.726684194984 11.2059186571
9.06386274153 -0.724198553566 11.1835087535
9.03745348619 -0.721231747355 11.1605315567
9.01097370312 -0.718521954605 11.1372979689
8.98447298854 -0.71578321389 11.1138968717
8.95759810061 -0.713366200634 11.0901564864
8.93081590484 -0.711204118879 11.0661913907
8.9039178501 -0.709500592649 11.0421420579
8.87666356926 -0.708029590045 11.0179078093
8.84924498437 -0.706322344973 10.9936744828
8.82219342962 -0.704331324369 10.9693307068
8.79478407989 -0.702582803255 10.9443923965
8.7675387737 -0.700696499431 10.9189927089
8.74040754502 -0.698332811225 10.8934334327
8.71390692355 -0.695646432325 10.8678904608
8.68758478627 -0.69319525456 10.842273851
8.66154676199 -0.690945299254 10.8158596337
8.6357761365 -0.688460748312 10.7888349871
8.61041913619 -0.686134504146 10.7612547415
8.58561110694 -0.68396350586 10.7326850317
8.56137440655 -0.682098138724 10.7031713958
8.53754074218 -0.68015952335 10.6731476467
8.5142144132 -0.678194004757 10.6423768707
8.49111589891 -0.676482539186 10.61116351
8.46810264302 -0.675425507932 10.578533887
8.44503595329 -0.674152106586 10.5449905243
8.42271142647 -0.672123617945 10.5111345456
8.40078791555 -0.670120504997 10.4772185208
8.37952090677 -0.668450290171 10.442713592
8.35835308407 -0.666752313748 10.4076288988
8.33764986835 -0.665112644467 10.3720634935
8.31761246259 -0.663615598171 10.3366879901
8.29784288313 -0.662582906717 10.3007432757
8.27770071862 -0.661986148949 10.2635202597
8.25758563698 -0.661440299792 10.2257960947
8.23734951337 -0.660216636704 10.1871430277
8.21728968876 -0.659062998431 10.1481341829
8.19728166745 -0.658290637524 10.1081187015
8.17726166481 -0.657211076717 10.0673577118
8.15746467055 -0.655740957366 10.0264470279
8.13734557838 -0.654220998458 9.98546274955
8.11701567114 -0.652930443384 9.94404842927
8.09657640964 -0.651781228745 9.90281626222
8.07638006313 -0.651309343884 9.86144902067
8.05651338783 -0.650631453473 9.82065337895
8.03721607767 -0.648768211584 9.7805268545
8.01855656354 -0.64675730104 9.74060799277
7.99997238281 -0.645671309464 9.70051121849
7.98110706275 -0.645697816685 9.65957683639
7.96224361168 -0.645808072045 9.61799030023
7.94273349774 -0.645560495125 9.57554782332
7.92291419232 -0.644259968413 9.53264024432
7.90285322809 -0.64221381952 9.4892516936
7.88271149499 -0.640270601304 9.44541313916
7.86253150121 -0.639020293859 9.40127122039
7.84277973598 -0.638213893063 9.35761699906
7.82395433833 -0.637149462668 9.31477132852
7.80531408908 -0.636062949485 9.27198960417
7.78627357557 -0.635149812155 9.22878784219
7.7670231246 -0.633922881723 9.18512252403
7.74725155478 -0.631967375196 9.1418354902
7.72693822791 -0.629872790995 9.09885876121
7.70602444022 -0.628268952722 9.05577012549
7.68423394254 -0.627189312465 9.01259820111
7.66171741888 -0.626295346194 8.96954434609
7.63864356518 -0.624249103175 8.92646093584
7.61544398643 -0.621978598399 8.88393816281
7.59203936295 -0.619256384776 8.84174193709
7.56853240528 -0.617250805013 8.79949836115
7.54434012534 -0.61634316144 8.75752745608
7.51954068374 -0.615292801123 8.71475139129
7.49404022909 -0.613861022821 8.67193529222
7.46827182811 -0.61134174762 8.6297201369
7.44253919841 -0.607910475574 8.58761898099
7.41683604581 -0.604778851396 8.54589603749
7.39104496414 -0.602833197812 8.50385397494
7.36500324475 -0.60073546594 8.46145621408
7.33823420411 -0.598580455709 8.41843505962
7.31137613146 -0.596285730958 8.37580554011
7.28418356103 -0.594568339307 8.3335458194
7.25692328971 -0.592161726064 8.2911420386
7.22961508801 -0.589277736038 8.24887967901
7.20250699472 -0.586181190634 8.20678295138
7.17539123215 -0.583459264177 8.16434110075
7.14823046683 -0.580876100858 8.12119048157
7.12092044797 -0.578528630493 8.07792355633
7.09349436859 -0.576250643228 8.03483086474
7.0660889281 -0.573289855733 7.99196084044
7.03872634388 -0.569995515507 7.9490717516
7.01096323643 -0.566947836518 7.90604495081
6.98282091359 -0.564256325698 7.86245863945
6.95444935513 -0.561590079558 7.81874517551
6.92594601083 -0.558730532258 7.77519104451
6.89745426027 -0.555476884585 7.73205404185
6.86922682946 -0.551923867496 7.68947796084
6.84070727019 -0.548751540521 7.64617437195
6.812477815 -0.545815051411 7.60275095652
6.7841434144 -0.542869983555 7.55899402939
6.75562170416 -0.539641448827 7.51492033898
6.72708687772 -0.536209790247 7.47090006463
6.69851668294 -0.532771282103 7.42667180452
6.67000584796 -0.529282368473 7.38249489326
6.64122402798 -0.526305577072 7.3378858202
6.61227358078 -0.523328647196 7.29294428265
6.58347971717 -0.520436442069 7.24798857437
6.55418945142 -0.517309108443 7.20256091442
6.52469698604 -0.514034788341 7.15685173872
6.49520002754 -0.510504622891 7.11143633469
6.46658523925 -0.507129638513 7.06691518676
6.43750793259 -0.504363979091 7.02182846946
6.40820632373 -0.501656846055 6.97600187215
6.37945850065 -0.498956911811 6.9306640881
6.35029875162 -0.496502452547 6.88476963608
6.32090353932 -0.493969516585 6.83913032103
6.29135665518 -0.490395875804 6.79380521263
6.26224677867 -0.486754105352 6.74923415459
6.23310892608 -0.483618339642 6.70480773788
6.20384869794 -0.480601696935 6.66042271113
6.17476222841 -0.478180933308 6.61637978255
6.14577119594 -0.476093262149 6.57289992482
6.11696904024 -0.473448950232 6.52985262699
6.08822988937 -0.4703815554 6.48713575297
6.05990143046 -0.467641980955 6.44517968204
6.03160712854 -0.465248091764 6.4033912664
6.0031343385 -0.462437759438 6.36160627497
5.97484764207 -0.459120219981 6.32039173903
5.94662448726 -0.455715108673 6.27920571352
5.91874385594 -0.452739130712 6.23821153248
5.89094212239 -0.449696662973 6.1977134734
5.86290666652 -0.446835601439 6.15665018273
5.83475608009 -0.444083423587 6.11523272941
5.80698959718 -0.441367788685 6.07386659259
5.77934502563 -0.438050131338 6.03237156653
5.75217862975 -0.434179479795 5.99106207476
5.72532656441 -0.430719788829 5.94978332124
5.69827133601 -0.428369397762 5.90842980701
5.6711587341 -0.426585707666 5.8669843444
5.6439257831 -0.424333229326 5.82500015616
5.61669625263 -0.421901426404 5.78258820255
5.58946004097 -0.419059109892 5.74022082603
5.56210203721 -0.416516103852 5.69749529985
5.53499939414 -0.413770906907 5.65486887501
5.50859319783 -0.410753761812 5.61237262902
5.4825727779 -0.408045665562 5.56981569878
5.45675365702 -0.405492428734 5.52686262232
5.43178948072 -0.402010321551 5.48372033859
5.40736434965 -0.399383675634 5.4405220829
5.38258835836 -0.397296945761 5.39649619581
5.35793694571 -0.395008363087 5.3519441151
5.33315395065 -0.392781124671 5.30633772248
5.30806051331 -0.390936480304 5.26015950324
5.28397672106 -0.38758271601 5.21321395664
5.2605178412 -0.384644069414 5.16699683116
5.23713834176 -0.382215346257 5.12065013797
5.21440362985 -0.380543945085 5.07429932473
5.19174459877 -0.378577112848 5.02776076604
5.16922569495 -0.376735580572 4.98066702746
5.1471711742 -0.373961504233 4.93387848749
5.12550470211 -0.371222147721 4.88716972959
5.10372584769 -0.369077883598 4.83971310932
5.08201552074 -0.367391375837 4.79220368484
5.0604616332 -0.365680274433 4.74438018586
5.03906717904 -0.363886951244 4.696690095
5.01763940059 -0.361956833214 4.64892400097
4.99660801469 -0.359830601879 4.60153266524
4.97557747703 -0.358060549652 4.55451087745
4.95461539729 -0.35611719922 4.50748148405
4.93398031494 -0.354118456625 4.46080636537
4.91404498811 -0.351941949014 4.41381178555
4.89432496077 -0.35089698171 4.36690308895
4.87456486279 -0.350351711101 4.31948512326
4.85468310081 -0.349074320298 4.27174318306
4.83463332445 -0.347415763445 4.2238793647
4.81467120601 -0.345709673543 4.17615850125
4.79479671703 -0.344120943988 4.12866521255
4.77513484768 -0.342096842162 4.08149194417
4.75581480077 -0.339932551592 4.03505178077
4.73678090435 -0.338229346783 3.98882004947
4.7179240408 -0.336690698155 3.94260900886
4.69882929012 -0.335479688132 3.8963416826
4.67979518983 -0.334151124158 3.84985801276
4.66052233933 -0.332567130238 3.80343992614
4.6413536509 -0.331372951849 3.75695898775
4.62220224438 -0.329991530245 3.71009472168
4.60310350924 -0.328131450983 3.66295147888
4.58408298168 -0.326298934789 3.61586185404
4.56499377692 -0.324851291769 3.56896077368
4.54633351679 -0.323798907561 3.52125075364
4.52801450728 -0.32266037439 3.47380042713
4.51030851791 -0.321872514592 3.42714833824
4.49246402803 -0.321347680204 3.3808535428
4.47410995942 -0.320842943558 3.33405311248
4.45526345448 -0.320032845291 3.28698269165
4.43589764438 -0.318990487554 3.23941759735
4.41608756689 -0.317452647738 3.19163481989
4.39611658579 -0.315272685284 3.14430019196
4.37557843672 -0.313039679088 3.09694483014
4.35423180643 -0.311225842279 3.04936550589
4.33230035336 -0.309539512967 3.00230388801
4.30948524445 -0.307602947807 2.95526626581
4.28610525343 -0.30580369634 2.908341352
4.26214104707 -0.303679667524 2.86174740479
4.23747639466 -0.301611191205 2.81510496713
4.21206848072 -0.299212923359 2.76909978687
4.1863702811 -0.297025994202 2.72413447663
4.16016205462 -0.294889597981 2.68028802313
4.13369350032 -0.293092111139 2.63665720431
4.10621935705 -0.290847084324 2.59265532469
4.07813232121 -0.288096216924 2.54838291805
4.04947267457 -0.284838872493 2.50421256566
4.02002295883 -0.281584209493 2.4599501173
3.98993692497 -0.278729459467 2.41561215739
3.95911813309 -0.275683615211 2.37159178204
3.92796039848 -0.273179150144 2.32827119965
3.89693363333 -0.270569436656 2.2846898795
3.86640362424 -0.267411680199 2.24234493144
3.83646578826 -0.264862518433 2.20071888419
3.80657196146 -0.262274517239 2.1591314169
3.77560581633 -0.259755052241 2.11737974453
3.74426763586 -0.257666576041 2.07577268632
3.71260969885 -0.255237696148 2.03410458929
3.68000840559 -0.251909815866 1.99150854237
3.6471641985 -0.248407802836 1.94869268026
3.61357722229 -0.245905572384 1.90577778274
3.57929990346 -0.243131328512 1.86248013509
3.54471457998 -0.239330636402 1.81923964902
3.51023572258 -0.235446321636 1.77639863828
3.47573317809 -0.231620565116 1.73437043052
3.44107389387 -0.227816427032 1.6930582429
3.40561411488 -0.224420106081 1.65164647235
3.36943641869 -0.220993134053 1.61003384646
3.33294829656 -0.217790045073 1.56844695672
3.29672458782 -0.214393478495 1.52751767425
3.25982016308 -0.210670501385 1.48663330409
3.2223901751 -0.207114838947 1.44560515711
3.18483567993 -0.20322333764 1.40462651638
3.14691293854 -0.199116336264 1.36307398029
3.10983729136 -0.1943379284 1.32199702022
3.07519998735 -0.190102256864 1.28287804746
3.0407815234 -0.186637410567 1.24422470104
3.00587290136 -0.184214192896 1.20494194047
2.9705303571 -0.181754395976 1.16535988139
2.93532701777 -0.179054616686 1.12577426248
2.89926920879 -0.175945297469 1.0847386218
2.86274536333 -0.172176802803 1.04272577663
2.82628723449 -0.168661352276 1.00112292025
2.78998586651 -0.165613063515 0.959843774554
2.7530522974 -0.162584711657 0.917834994556
2.71607600579 -0.159720782646 0.87603291349
2.67919505684 -0.156630205114 0.834099431009
2.64255729636 -0.153018063193 0.792152942017
2.606427501 -0.149296000201 0.750798089039
2.57008213123 -0.146025962815 0.709645282655
2.53385102802 -0.143254384887 0.668960954886
2.4975841475 -0.140100881817 0.628358574313
2.46108915157 -0.136546720417 0.587720364302
2.42426629578 -0.13352425651 0.547111422521
2.38745533738 -0.130284391182 0.506565820298
2.35074878475 -0.126012794984 0.466401980893
2.31407500063 -0.121649220862 0.426598421586
2.27761091101 -0.118110275398 0.38738368703
2.24086438249 -0.115111031539 0.348008339855
2.20410973882 -0.111777892093 0.308358879223
2.16677068374 -0.108087705059 0.267952178591
2.12919984222 -0.104263099794 0.227442230542
2.09129488991 -0.10070239295 0.186992537862
2.05292361954 -0.0968953198872 0.146316342392
2.01558681499 -0.0917054986094 0.106576902687
1.97915016785 -0.0867233317342 0.0676174709795
1.94236876097 -0.0836708271925 0.0283506722277
1.90506116948 -0.0812669604602 -0.011337833175
1.8671760955 -0.078037977221 -0.0515469752968
1.82904343959 -0.0740800776369 -0.0919978733908
1.7912188723 -0.0703202116849 -0.1321854509
1.75293320772 -0.0666872084981 -0.173110962293
1.71456635403 -0.0631371276398 -0.214084884987
1.67650169903 -0.0594384737241 -0.254475583849
1.63890622698 -0.0559900250001 -0.294384152543
1.60059197564 -0.0530401738435 -0.334954299624
1.56258691377 -0.0498107265945 -0.375758318914
1.52477273787 -0.0462949733729 -0.416586859694
1.48687275761 -0.0431739631453 -0.457286093242
1.44933876652 -0.040254485872 -0.497564566553
1.41202608298 -0.036668057846 -0.537482321877
1.37461752785 -0.0328251703252 -0.577488018078
1.33705570513 -0.0289431728519 -0.617902908636
1.2992635489 -0.0252691425948 -0.658712412034
1.26214240085 -0.0220408398073 -0.699143629491
1.22462211359 -0.0191680161527 -0.739811135961
1.18735223691 -0.0163909659434 -0.780186107698
1.15044184463 -0.0132618450182 -0.820036286144
1.11327765762 -0.0102399889905 -0.859762761117
1.07604446108 -0.0068892560206 -0.90006812802
1.03940560416 -0.00315678027039 -0.939865121508
1.00374179945 -0.000103641265232 -0.979039960267
0.967580217758 0.00209012554801 -1.01848884214
0.93102862244 0.00455094665267 -1.05834759438
0.894650970568 0.00843106984519 -1.09805526892
0.858117832837 0.0119260519947 -1.13822651458
0.82194542413 0.0143434706586 -1.17868841921
0.785395028579 0.0171828984462 -1.21934700647
0.748964279164 0.0207122188829 -1.25987138603
0.713100852368 0.0240509684679 -1.2995659515
0.677675782621 0.0271601391003 -1.33880608198
0.642251861813 0.029422509635 -1.37790530642
0.606834680985 0.0317369121901 -1.41685977244
0.571936039419 0.0344340538359 -1.45523025295
0.537067475907 0.0371101067229 -1.49352129631
0.502863550608 0.0402005099577 -1.53111042465
0.468762971784 0.0427132855492 -1.56882102271
0.434978613292 0.0449754171638 -1.6062482196
0.401811445393 0.0470276246765 -1.64337109827
0.368704196461 0.0488129709538 -1.67987784005
0.335518352403 0.051204076164 -1.71673620062
0.302193553503 0.053759321919 -1.75387249666
0.269018084141 0.0560499288314 -1.79118056661
0.235505269624 0.0577469828583 -1.8288741229
0.202251302467 0.0598176447167 -1.86655790905
0.169517134082 0.0621736821441 -1.90379187421
0.137304953878 0.0641243288065 -1.94047816439
0.105079015422 0.0655334446839 -1.97709747738
0.0724625231953 0.0662411306075 -2.01369593624
0.0396015867227 0.0666553672307 -2.05026447918
0.00661993887094 0.0673651057767 -2.08655636745
-0.0270803252198 0.0682072013011 -2.12355873508
-0.0603420189851 0.0704314166576 -2.16005537982
-0.0932190038361 0.0722001046421 -2.19593507195
-0.126362942421 0.0727041054437 -2.23213242298
-0.159898245235 0.0723925756889 -2.26923177859
-0.193050735106 0.0723270778176 -2.30686927937
-0.225317679984 0.0725041613204 -2.3444719801
-0.257580147342 0.0728798242176 -2.38266296926
-0.289456399871 0.0739888311932 -2.42066895626
-0.320714655199 0.0755846193613 -2.45809942234
-0.351237237679 0.0768981766762 -2.49448760327
-0.380738577301 0.0772048065879 -2.53012678737
-0.409553665843 0.0768160031251 -2.56558865556
-0.437430349957 0.0769014314898 -2.60043392676
-0.464409608561 0.0769521906372 -2.6348759795
-0.49105385318 0.0758712953977 -2.66873157243
-0.51751785999 0.074777822285 -2.70211518662
-0.544064669101 0.0746853417129 -2.73541815167
-0.568620546625 0.0752621659117 -2.76697264118
-0.592260768665 0.0750873554301 -2.79772177051
-0.615208631162 0.0736468835895 -2.82842025131
-0.637945363106 0.0721459847257 -2.85888642466
-0.659791038431 0.0711315384679 -2.88775849605
-0.680913430089 0.0706451709204 -2.91427508533
-0.701481838891 0.0701580717524 -2.93911089934
-0.721441086905 0.069426400601 -2.96243027735
-0.741145982462 0.0687518771797 -2.98376358493
-0.760780848205 0.0680347598169 -3.00374817005
-0.780076228025 0.0671066211641 -3.02219112662
-0.799634596425 0.0661663188809 -3.03910672496
-0.819323723381 0.0654669160901 -3.0541475599
-0.83881814684 0.064895770847 -3.06747310308
-0.857795991496 0.0643676260043 -3.07938698206
-0.876133146691 0.0639261130399 -3.08944382568
-0.89457976313 0.0634798713748 -3.09830604913
-0.912998059195 0.0632591040632 -3.1058808923
-0.931697822385 0.0631473885622 -3.11234488556
-0.950497523407 0.0631133832292 -3.11778597767
-0.969752639469 0.063062660861 -3.12238619759
-0.989582876221 0.0631951533624 -3.12588238239
-1.00880201039 0.0633552661596 -3.12798491438
-1.02833810174 0.0637385943864 -3.12882710936
-1.0475873816 0.064260342605 -3.12851933525
-1.06717222025 0.0649275522646 -3.12721948074
-1.08655217072 0.0656789370681 -3.12491682817
-1.10530017708 0.0664974213509 -3.12166115791
-1.12408349123 0.0674084574843 -3.11717298859
-1.14285315128 0.0684469045616 -3.11160177548
-1.16134508636 0.0694430541712 -3.10498451554
-1.17921576806 0.0703811384977 -3.09761021369
-1.19656204482 0.071413065899 -3.08939476958
-1.21372378868 0.0724391449884 -3.07978350388
-1.23079348014 0.0733911667625 -3.06894041342
-1.24731422773 0.0742762623025 -3.05698375302
-1.26287165551 0.07528553373 -3.04405975101
-1.27785925045 0.0762443830324 -3.03028694014
-1.29264253449 0.0772774848662 -3.01518214863
-1.30699095225 0.0783852432942 -2.99920235552
-1.3204319591 0.0796045589746 -2.98245349672
-1.33298124946 0.0808044968319 -2.96466793255
-1.34488288001 0.0820858308212 -2.94551027898
-1.35599617579 0.0833042580114 -2.92560100649
-1.36586071281 0.0844206702978 -2.90537179807
-1.37494839787 0.085563742865 -2.88428113056
-1.38328145342 0.0866596119864 -2.86269165144
-1.39099925001 0.0876367122487 -2.84046683161
-1.39806954413 0.0885540557223 -2.81758806612
-1.40459420803 0.0894091569529 -2.79420593313
-1.41035399512 0.0903677780456 -2.77057450231
-1.41550460215 0.0912690715858 -2.74669924317
-1.42014376139 0.0919131533865 -2.72316064377
-1.42440196095 0.0924352391777 -2.69956845414
-1.42832256558 0.0927989945348 -2.67552880619
-1.43205582067 0.0930256663151 -2.65114244638
-1.4357358597 0.0930804609557 -2.62646749522
-1.43928426902 0.0932357923755 -2.6017210563
-1.44267989725 0.0932856836584 -2.57651156586
-1.44612821977 0.093329618388 -2.55069066491
-1.44999326279 0.0934540894398 -2.52437158854
-1.45406463579 0.0938229407907 -2.49761068384
-1.45798697763 0.0945766012082 -2.47036203625
-1.46183135598 0.0950447278515 -2.44271326181
-1.46578800905 0.0954928795007 -2.414765672
-1.47001155714 0.0958189364748 -2.38673511385
-1.47411593155 0.0965436280144 -2.3581623732
-1.47813295371 0.0972722743833 -2.32947101027
-1.48216980156 0.0978631711009 -2.30034529293
-1.48617247489 0.0983756926793 -2.27046395727
-1.49015451146 0.0988377396638 -2.24022585012
-1.494256173 0.0994950503873 -2.20960242889
-1.49825404998 0.100405301636 -2.17896622362
-1.50173095862 0.101404087463 -2.14888763886
-1.50534634773 0.102183830644 -2.11922884409
-1.50884133878 0.102756880643 -2.08979180669
-1.51217953129 0.103354196084 -2.06015082033
-1.51573541527 0.10406612244 -2.03054793608
-1.51914190497 0.105229832667 -2.00106994832
-1.52255290333 0.106622234645 -1.97168308857
-1.52614528265 0.108197679756 -1.94369248715
-1.52990485775 0.109573715587 -1.91698618608
-1.53413285449 0.110738017999 -1.89066139011
-1.53819055401 0.111459208133 -1.86429644281
-1.54209898136 0.112222991521 -1.83780454476
-1.5462697059 0.113115574497 -1.81058155074
-1.55079999729 0.114514008697 -1.78378920471
-1.55544043885 0.11612190901 -1.75790644401
-1.56038558389 0.117479190094 -1.73167514752
-1.56524510266 0.118668360543 -1.70507649387
-1.57016991306 0.119824474378 -1.6781964469
-1.57560329636 0.121303497783 -1.65113101096
-1.58135524232 0.123626412608 -1.62465663779
-1.58741529437 0.125897716552 -1.59856857038
-1.59376347468 0.127825655469 -1.57218633165
-1.60079764961 0.129535055363 -1.54515902343
-1.60830583035 0.131033631007 -1.51728271967
-1.61614163391 0.132638530656 -1.48885445425
-1.62443291011 0.134727041513 -1.45989363696
-1.63324354787 0.137232632767 -1.43077759403
-1.64229954407 0.140037477084 -1.40165332433
-1.65151139882 0.142637772158 -1.37228394374
